-302	-14.9	-272	-281	-224
-15.5	-335	-259	-14.1	-90.9
-287	-261	-291	-147	-246
-272	-113	-254	-7.95	90.1
-144	-81.6	225	-389	-199
6.02	-15.1	584	78.4	252
24	-196	-140	-134	-151
-120	115	-150	-52	-40.1
-74.3	-114	227	-183	127
243	-269	145	-186	106
29.6	-190	-50	218	-248
-241	9.9	-111	-283	6.99
240	-225	49.1	-362	30.2
199	131	-251	-166	-107
-93.8	-175	-61.8	21.3	-73.4
5.77	-226	74.4	71.3	-35.6
-120	-261	-74.5	-270	-74.5
-373	61.7	-133	-280	-295
-94.1	-127	-7.17	-295	-7.26
257	-133	-71.6	-166	-215
-399	20.1	-123	-47.8	-361
-33.5	187	-135	3.22	71.8
234	55.6	-87.5	-40.8	-302
-43.8	264	-135	-59.6	6.29
-50.6	-306	116	11.6	140
-196	-152	-89	-151	-46.8
-201	-314	187	-283	86.8
6.17	-115	-224	-253	-106
-54.6	-128	-118	-229	-212
-242	-406	134	26.1	-259
34.5	-199	-89.3	-347	-135
-158	-300	-81.2	-179	175
-158	-79.3	-80.6	64.4	-91.8
-150	-552	45.6	-150	-75.4
-330	-106	-9.23	-11.5	40.6
-355	-10.1	6	48.9	42
-151	-225	-111	-86.5	-437
98.1	107	-98.4	66.4	-209
-89.2	-420	146	-138	-54.1
-19.3	-353	-284	-210	-239
-107	-125	-225	-29.1	-76.8
-215	-235	-186	-146	-257
-41.3	-63.7	74	-447	-460
61.1	-238	-104	86	-281
-260	-132	-34.3	-64.7	44.4
-35.2	-149	-19.1	-356	-55.8
102	-150	-40.3	-172	-61.2
-494	-67.9	-213	-50.2	147
238	58.2	11.3	-15.9	-91.4
-111	-269	-0.528	0.882	-176
-75.6	-215	-12.7	-168	-91.3
-99.7	-119	-241	-480	-294
-155	57.5	133	-26.3	130
-309	162	139	84.7	-34.8
-39.4	-131	-50.3	-41.6	-227
-178	186	40.6	163	-144
-54.5	77.7	-135	42.4	-275
-54.8	224	-212	14.8	20.2
-214	-49.2	174	-314	-525
64	-264	-7.38	-316	225
153	-242	148	-495	-191
55.5	-5.11	-88.5	-235	13.4
-380	-132	10.4	-57.5	-218
-84.7	211	-106	-73.1	112
40.5	216	59.5	-95.2	-299
58.5	90.1	-53.3	-90.9	-102
-109	-259	25.1	-95.6	-286
137	-179	-91.3	147	116
62.5	9.23	-414	133	-67.5
21.2	-17.4	165	-52.1	-154
-144	-343	-124	-55.2	12.8
-180	-105	211	104	25.2
90.1	-63.9	-188	193	167
38.7	-36.2	-53.4	-17.1	173
97.8	-34.8	64.9	-21.2	103
59.2	171	-153	-184	-14.4
-138	-163	116	1.1	-207
-214	-39.2	-107	-307	-112
23.4	-133	-330	-148	161
112	-210	-172	159	-89.6
-48.5	15.3	-140	-87.8	-196
129	43.2	-373	-22.9	-146
-265	59.5	-61.2	40.6	201
-9.08	-61.4	-202	129	-107
27.6	-345	-289	-15.8	126
-190	15.1	-310	-132	-163
111	-107	-108	-116	114
71.5	36.3	-239	-127	-255
-209	83	-9.85	-392	151
-327	-75	-243	-42.7	83
143	-63.8	49.7	-28	23.6
-166	-31	101	-421	-209
-76.6	-170	50.8	-184	50
67.3	-17.2	-19.3	27.2	226
-108	-116	216	-331	-336
-53.6	-138	-417	-114	0.326
-26.7	-43	36.2	-179	67.2
-51.5	-8.49	-429	-39.9	204
-50.6	-147	-279	13.4	-324
-89.4	-29.4	-91.9	-278	-46.6
-46.1	-72.8	-268	-87.4	-189
191	55.3	-324	-120	158
-186	202	138	-92.2	-343
-286	-87.8	-112	57.8	67.2
97.3	156	-267	4.02	47.3
-41.5	-407	-239	-14.9	-350
-276	-125	-145	-334	-20.4
-11.3	-266	-36.4	-261	-263
-140	-251	-299	-179	-11
-194	66.9	38.3	109	168
-197	-63.1	-30.8	-277	88.8
12.3	-235	13.3	18.1	-106
197	-123	-288	-48.4	-23.9
98.3	-239	-154	12.2	24.5
6.14	-174	-324	-159	-329
-158	-432	-166	-42.5	-448
-261	-291	86.5	-53.2	-222
-42.4	-108	-131	-379	-137
-56.2	-42.1	146	38.6	-148
34.6	-238	-81.3	-269	-204
-66	-8.03	-192	-775	-195
125	94.4	-212	25.3	-113
-422	-167	-292	-358	-177
-31.8	-71.7	-225	-22.3	-170
-85	-229	-42.2	-61.7	-295
-146	-50.2	-23.9	52.3	-155
-50.5	-163	-179	-19	-260
158	-93.5	158	36.1	0.477
193	-142	-194	82.7	-57.2
-193	-341	-141	-101	12.3
-189	-208	-227	-303	-162
-222	-180	-305	-69.7	-101
195	-138	-37.2	-154	-215
-75.1	-239	73	-133	-28
77.3	-130	-165	-211	-194
-232	-350	69.6	76.9	-91.3
-286	-125	-185	-241	-77.2
120	-6.26	-458	-140	-3.93
65	-211	-24.4	-52.9	-57.3
-417	25.5	-522	-173	-254
-380	-289	-27.6	-316	-177
-215	-189	33.2	89.8	-127
-143	-278	-81.4	-302	-15.7
-126	-1.8	-172	7.29	-103
-155	-206	-124	-1.34	-261
-137	-228	40.3	-153	-42.5
-19.9	29.7	-34.7	-117	70.6
-41.1	-73.5	343	-134	46.9
97.6	14.3	-35.3	77	10.6
-270	-289	-117	-115	-65.4
-339	-10.6	61.4	-209	-210
52.2	-169	-337	-297	-100
-324	-83.3	-143	-8.98	39.6
-364	-45.5	126	-304	-124
-303	-227	181	-221	199
-294	-14.9	41.8	-33.5	-10.2
-131	41.3	-35.5	-111	-339
-28.5	134	-74.1	-11.6	88.9
11.7	-83.2	-88.9	-135	-9.65
-158	38.9	-79.5	-449	-211
-581	-122	30.4	-130	-150
-316	343	-49.6	-201	96.9
-314	87.1	-3.95	-291	-150
-67.5	-37.3	22.6	-320	-160
-149	-118	-73.3	-98.3	-257
64.7	231	-152	-350	-66.9
148	-224	-199	-77.3	-170
4.35	-148	-248	-267	-47.2
-198	203	487	248	-275
-214	-442	59.4	111	-221
351	-308	-281	-134	-263
218	-176	-208	262	-223
150	-143	-51.4	-53.4	-279
-324	-131	-103	-122	179
-46.3	-17.7	-84.3	-77.9	-199
176	-513	-8.3	-121	-171
38.5	-301	-39.3	3.69	-124
173	-8.04	-144	-260	-201
-155	45.1	-123	89.5	-214
119	-477	-86.1	-157	127
-29.9	444	20.7	-329	-332
-313	-83.5	-126	-157	-66.5
-63.3	-486	47.3	137	102
-113	-104	-228	-43.3	-175
68.5	-107	-215	242	-267
146	62.4	-157	143	-106
-143	-308	-1.47	-137	-334
-128	-20.1	-126	-260	-354
56.8	-319	-292	56.3	155
61.8	-2.35	-189	59.4	-16.2
-402	87.5	-86.4	7.63	80.5
33	-294	32.2	-141	-214
92.7	62.9	-194	-200	-188
-80.8	198	-347	-223	-119
-173	156	-165	63.5	-13.7
10.8	29	5.66	-47.6	-99.7
-97.6	-20.7	23	-261	-25.9
-19.1	-127	-19.2	-3.77	-151
8.68	-152	-213	-96.1	-238
-268	-109	-137	-37.5	-346
-123	-21.6	57.3	14.7	-93.3
-36.9	-277	-118	-188	-155
-94.2	-187	0.288	-159	110
-307	-44.6	57.2	-166	-171
-105	126	19.1	13.2	-185
-302	-369	-47.4	-277	-569
-150	111	-67.2	-283	-26.4
-176	157	101	-323	-148
-351	-101	-51.6	-287	-46.7
-169	31.5	-88.3	-7.49	-156
-91.8	69.3	-18.9	400	-85
-244	-366	-237	-35.9	-59.5
94	-178	-285	-3.91	-354
17.8	72.6	-131	-331	-101
-177	-111	139	95.6	-363
-105	217	77.2	-395	-106
130	-133	-55.6	-53.1	-186
89	14.3	34.8	-148	152
-186	44.7	-275	-239	-64.9
42.8	-140	-0.079	-86.5	-150
61.1	-18.4	-123	359	165
-234	-60.6	32.5	-46.6	-126
-286	-99.8	-29.5	-60.3	-178
-252	40	105	-229	-273
-204	68.7	8.31	-439	25.6
-56.5	-277	-45.9	117	25.7
-227	-333	-491	-261	-394
-13.9	-332	-3.29	-155	-182
-243	-215	54.4	-198	-67.7
5.13	-142	-44	-203	-169
-186	18.6	-90.9	163	-387
-116	-38.1	162	-70.7	103
-55.5	107	-24.8	-329	-57.1
33.5	-64.8	120	-145	34.5
135	-15.7	33.9	4.68	9.94
180	-8.92	105	-210	-174
28.6	-57.4	74.8	-33.7	225
-271	-259	-144	47.3	-149
-197	-162	-170	-24.7	78.9
137	-208	-100	23.3	-150
-62.3	-182	-52.9	67.8	-176
168	120	59.1	171	167
297	-308	-126	7.13	-311
130	-157	-157	61.6	106
-134	-165	-205	-58.5	29
277	-10.5	169	4.37	-169
-13.8	-272	-29.2	299	-77.1
248	185	-131	-647	7.89
-64.2	-66.5	-156	32.7	-281
53.1	-90.3	27.9	157	47.6
-211	-2.14	-267	-68.6	27.7
85.3	-165	-131	-122	185
-138	-141	-236	-7.65	-124
-160	-209	3.5	-492	-73
3.26	185	121	-36.3	-277
-178	-36.1	-169	86.8	115
44.2	-41.7	-222	84.8	-307
-359	7.36	-8.68	-222	96.6
-71	-103	-56.3	-195	-227
179	115	-95.1	-612	-224
59.9	-199	-142	-222	457
-82.5	271	111	-377	147
11.5	-296	-62.2	142	-249
-251	-190	-250	-269	117
-125	135	-351	68.2	-167
179	-183	37.6	54.5	-157
40.3	117	-259	41.5	-145
-242	-20.4	-679	-323	-380
-354	97.2	21.5	-103	-69.7
-211	-99	27.1	-135	19
-135	12.5	-40.6	1.85	-298
-374	127	44.1	-129	-110
-241	79.5	-28.1	-170	199
28.5	61.9	99.4	-53.2	-300
-34.6	-200	-115	-224	-272
109	-143	-40.1	6	47.9
-14.2	-77.6	-49.2	-69.7	24.7
-281	111	-53.9	-61.6	-193
-123	-219	-254	14.7	116
-399	-142	256	-177	-241
-153	9.75	23.5	26.7	12.7
125	-33.1	-267	-156	-257
-253	-7	-60.4	-212	-135
-162	42.5	18	-449	-81.3
34.2	-154	-344	-357	-15.7
-179	82.4	-57	42.5	-56
7.89	-333	-149	-115	-114
-356	35.4	25.3	-90.6	-186
-76.7	40.8	-174	80.4	12.9
-232	-82.6	-249	47.4	-137
-149	164	129	-220	-97.1
-206	-29.9	-141	-7.81	-159
-47.1	-308	-65	92.8	-535
-175	25.3	-296	-223	-215
166	175	59.2	-35.8	-15.1
20.4	-260	-152	-49.6	-56.8
265	-369	-192	-242	305
138	-235	137	-11.2	-224
-239	-189	3	-85.2	-285
-195	-253	-205	-16.5	-290
2.29	-95.2	-207	-114	-65.3
135	148	-108	-120	-123
88.5	-64.9	4.8	12.5	-208
-30	151	-20.7	91.8	57.8
68.4	363	93	-11.1	352
-169	-59.3	133	-159	-47.7
-181	-123	-24	28.8	-66
-268	60.4	110	92.6	-3.34
-109	237	165	-315	81
-179	-154	-145	-106	20.9
65.5	-118	15	-234	-237
-183	204	16.4	-64.6	-129
121	182	295	-122	-44.5
-60	-173	-287	67.6	31.6
-87.4	37.5	-272	73.5	-149
-327	-86.2	36.9	32.8	189
-167	28.4	-72.3	-160	-16.3
-136	-312	14.8	117	172
-174	167	-16.4	-63.7	-268
-215	37.8	-24.7	185	64.6
-292	110	95.6	-167	-418
74.8	203	6.33	271	189
-81.9	293	-169	139	-19.6
-158	57.1	-262	-201	-229
-26.7	-170	-341	129	60.4
178	-397	138	12.9	-141
-164	-228	-244	-134	81.6
-185	-99.7	-266	-193	128
-175	-12	271	40.9	112
-155	167	-158	-65.5	-17.5
-103	241	-17	-35.4	2.48
-3.89	71.1	145	-59.7	115
-9.66	19.3	-282	21.3	-67.5
89.2	-128	-385	-470	0.511
208	127	38.8	-81	21.2
-372	-10.6	32.2	2.74	-166
-170	-120	-173	-71.3	27.4
-61.5	57.8	-64.3	198	-25
-262	27.5	138	-94.1	-113
-3.67	-38.6	-141	-232	-122
-120	-96	-11.3	-30.7	-11.8
-55.4	-40	-98.5	3.04	-36
50.9	34.8	-92.1	-65.7	133
-75.6	-94.5	-216	-156	-86.4
-376	-114	62.5	-170	-320
28.2	-217	284	120	-370
-94	-495	-188	8.77	-248
-394	-196	-176	-332	-88.4
103	-300	164	226	-279
-121	96.3	-374	-264	-6.61
23.5	-151	-213	125	-75.3
23.2	-103	73.8	-117	45.3
-272	-44.7	-211	-171	-112
-380	104	-57.3	-139	51.3
-189	79.7	238	-49.3	-179
-287	-5.07	-1.34	-69.9	-203
-236	-94.1	103	-182	-284
-314	-217	-206	-106	-312
-248	-139	-114	-128	8
-20.6	-126	-32	-147	287
-406	298	92.3	37.9	143
-188	-42.3	181	-381	-9.53
-3.9	65.7	62.4	-369	28.4
-49.1	-197	117	-62.4	-225
10.6	-110	-252	-199	-137
-335	-68.5	227	-135	-161
-121	-183	41.4	-113	-54.2
50.3	50.9	-169	-189	-42.9
-117	-123	-259	-238	-108
-168	-69	-326	-15.5	-246
-118	-69.2	-26.1	214	-92.6
-82.2	-171	-107	-3.69	-45.9
-8.59	-197	-199	43.1	-263
-83.9	-347	-79.5	-20.7	-252
91.4	-237	42.3	2.83	-150
128	-29.1	-320	-171	-130
-170	-126	-304	-312	-130
-293	-241	-170	-2.94	-283
169	-576	-41.8	-211	-371
-36.5	278	227	-94.4	-220
-1.02	218	-192	-289	12.5
79.5	6.95	-65.4	-206	-217
-84.5	83.7	-336	-11.3	-101
-143	-21.4	262	-43.8	-216
239	96.6	-180	-124	-42.9
10.1	141	0.924	-107	55.6
-158	-257	-265	-30.5	-280
-33.7	-62.9	98.9	-27.3	-68.9
-314	48.9	-214	-64.9	217
39.1	24.5	62.5	39.1	-10.8
338	-108	238	-213	56.9
121	37.8	284	-303	-257
-60	-71.5	48.8	-298	-146
-416	-191	-225	104	-168
7.9	86.7	3.58	27.4	350
301	-273	40.6	-69.7	63
30.2	-200	-32.4	-2.71	-231
-231	-335	16.4	-120	-267
-161	-40.1	63.1	13.3	-209
-108	-101	-43.3	-313	-69.1
18.1	-190	-368	132	-444
114	47.2	-179	-153	-121
62.6	-47.1	204	-85.8	-167
-42.6	-148	-192	89	1.99
-150	212	-131	27.4	-52.3
-176	-39.2	-226	-36.7	-2.18
-244	42.2	22.3	-115	-218
-381	-351	-146	-50.7	45.7
-214	-231	120	25.9	91.6
-215	-80.6	-230	4.85	-214
-190	66.1	-200	231	111
-165	-52.9	-49.9	-8.63	202
-86.6	-112	-13.8	53.5	-88.7
247	2.05	-282	-252	4.18
-137	-89.7	-139	-143	-61.8
-46.3	-167	-206	-160	-211
-259	70.8	194	-107	-152
128	54.8	-93.9	45.7	-265
-46.1	-67.6	0.138	-19.2	-525
45.5	24.5	-257	-0.773	-209
-165	-152	-371	111	-212
-179	-108	-103	-118	-174
187	-135	-134	-180	-257
-190	-309	-315	193	283
-430	-91.1	-127	-31.9	117
-159	-394	-351	-213	128
93.2	6.32	64	-283	-72
-30.9	46.4	259	-90.6	18.9
112	-239	-64.6	-142	35.3
-5.36	177	-251	99.7	6.36
-130	-222	-7.79	-160	18.1
-7.73	-318	21.9	-50.4	-41.4
92.3	19.2	-314	-105	139
316	-163	-221	-20.8	128
46.5	-344	142	-67	-104
-73.5	292	-42.1	-356	-191
-17.5	147	-26.6	4.14	147
-310	-89	-134	37.5	-114
115	216	98.1	68.7	-186
-259	82.9	6.96	-72.5	84.1
-15.7	-234	-123	-629	-204
-225	-49.8	-219	-16.6	-140
-108	77.1	-124	-14.8	51.8
-308	-239	-95.2	153	-124
-242	7.06	-393	-240	19.4
-155	-220	-154	-154	-185
36.9	129	-261	-276	49.3
196	148	79.8	-157	-294
-322	-213	-65	-183	-138
-299	-375	-88.2	112	-88
-155	-52.4	-38	-209	109
-31.9	-108	-81.9	122	-150
-6.75	-225	-234	77.7	59.8
-162	-233	-174	-113	-380
-152	136	166	-160	-77.2
-150	-191	6.41	-118	-263
14.8	263	-141	172	217
10.5	-259	28.1	-216	-123
-73.7	-231	-32.6	175	95.7
-290	-287	-271	180	-175
158	-6.6	33.3	-164	-53.1
-54	-281	44.3	-249	106
-135	-234	52.7	-317	88.5
-123	48.9	-287	-120	-163
-91.9	-151	-309	89.5	7.75
-109	-249	-132	90	3.61
-143	-352	-48.8	-424	-12.4
-290	-151	-117	-212	-127
80.2	159	61.6	-191	193
205	1.4	322	-59.5	-17.6
-184	-121	-105	-33	-151
-82	92.3	-76.7	-231	-156
-153	-86.1	-84.6	-206	-190
78.9	70.2	-113	-87.2	30.7
-396	-222	239	-246	-17.8
-67.3	208	-163	-104	-114
20.1	-308	-284	29.9	-27.6
-186	-343	-143	-282	-298
-174	179	64.9	-448	-113
-160	-189	153	281	-323
91.6	108	-41.3	64.2	139
117	-115	63.1	-231	-132
-308	90.5	-256	-373	-26.2
-265	-85.9	-194	125	29.9
-442	-6.25	50.6	-193	-408
-54.1	-528	-1.18	-155	-197
-96.4	-29.7	-94.4	-64.8	4.26
-245	-187	-387	180	-59.8
-77.8	-96.3	136	-293	-175
-68.5	-76.1	-48.1	35.7	106
-172	144	-118	-314	116
-215	-239	-80.9	-130	-198
-457	-151	-199	-193	215
-45.6	-19.3	-188	-109	52.7
114	116	-45.8	-126	101
-96.7	-211	-72.7	-212	-206
-250	-287	-115	-287	-96
69	77.6	-10.8	37.4	33.4
180	-178	37.9	45.6	-142
-251	-107	-62.2	-22.6	-147
-276	133	-235	-102	15.7
-25.3	-102	-53.2	-27	129
190	11	2.76	-34.6	154
-120	202	-59.8	125	-327
-190	44	-150	-261	13.9
-357	-365	97.2	-129	-144
-132	-38.8	28.5	-205	18.4
-60.3	-101	-190	-155	-172
-484	9.33	-177	72	-90.1
104	33.9	-289	-229	19.1
-470	-192	64.4	-266	-0.534
-330	-136	-72.2	30.4	-272
38.6	19.4	69.6	-156	257
-38	-33.9	44.2	-253	-201
-152	7.21	-127	-354	-148
94.7	-129	-21.1	-206	-127
51.1	-282	-99.7	-99.2	-342
-271	-389	28.6	-88.9	167
-141	176	-234	-137	-165
-10.4	-193	-283	135	-160
-293	-358	-117	-147	1.07
200	229	168	44.9	1.64
168	35.6	-142	60	-159
-205	-253	-305	179	-300
125	-240	-246	-61.3	-108
188	217	19.5	-241	117
17.6	-96.1	-266	-229	-129
-312	-321	-32	55.6	18.9
-208	1.32	58.8	-60.5	-158
-210	-7.88	56.7	-38.6	-61.2
-133	59	-72.8	-161	-222
-66.5	31.3	-247	12	-205
-303	-43.6	-30.3	-233	-167
291	-92.3	-64.1	-200	-213
-77.8	-157	-183	-109	-244
-145	-365	-62.4	-149	88.2
-111	180	-148	-210	-284
-50.1	-398	-25.6	-229	-169
-114	219	-260	-91	-105
-219	-26.9	-114	-58.7	-79.8
186	-85.9	-92.9	-153	-57.6
-85.2	-293	57	-320	-233
-109	-347	-33.1	52.1	72.3
-99.5	-263	-248	-150	-63.2
16.2	98	-150	-27.7	-133
-90	-167	-65.1	23.5	-75.8
57	-175	-511	5.35	-47.9
-328	113	-117	-315	17.5
-90.9	320	-143	42.6	286
-4.28	-125	371	77.6	114
-13.7	-257	-3.68	-324	-324
173	-156	108	7.31	-113
-6.76	313	147	-55.3	-24.2
-112	155	-177	145	-47.2
313	-252	-17.3	83.6	-206
-480	-297	-25.7	107	60.2
-522	-185	-454	64.1	-180
211	-54.8	-47.8	226	-132
-268	-605	-145	-131	-234
-59.7	-55.4	-343	245	-149
-164	-512	114	-182	65.8
-85.1	-98.4	58.6	57.2	-158
-228	7.62	39.6	-158	108
-189	-331	-119	28.9	-86.3
-279	13.7	-243	154	-2.99
-102	-218	-131	-383	-83.2
100	-400	78.9	-92.4	4.99
-271	-67.9	2.7	18.6	-252
19.2	-435	-20.2	125	71.8
-124	-257	-75	-71.9	52
-136	-115	-119	-77.7	-109
243	69	-149	53.7	-305
93.7	-192	-216	105	-75.5
-251	-303	57.6	232	52.7
27	-106	67.9	-62.2	150
-538	4.71	-89.9	-126	-88.5
-56.3	103	305	131	125
66.7	-460	262	8.36	143
-0.562	-363	128	-208	-149
338	-74.8	-133	70.3	237
-313	-115	-22.3	-190	-68.4
241	-197	112	-343	-62.7
-143	-355	-19.9	-167	-120
-134	-244	-108	61.1	-44.2
-143	-9.03	-158	53.2	-160
-48.4	6.22	-151	-203	-138
-267	-174	-1.88	16.5	-470
126	-120	186	92.4	109
-267	-17.6	129	-22.6	-399
-261	-341	225	-77.5	-166
17.5	-135	126	-49.5	-191
-235	121	-121	-2.77	-96.1
-92.5	0.622	-171	-243	-361
34.3	28.3	-449	68	-327
-105	-24.7	-26.6	-205	-95.2
-86.3	-198	-171	75.7	9.4
-481	-88.5	-329	-21.3	514
131	-162	-248	-57.3	-35.8
-92	-47.1	-5.69	6.32	-154
-283	-199	-77.7	42.4	3.12
40.1	11	-58.3	-297	201
-125	80.2	-160	22.4	-53.2
-143	0.335	-304	45.6	-1.48
-207	220	-61.7	148	-426
-111	3.4	-244	-95.9	194
-215	41.5	-64.9	-127	-175
-2.85	-90.2	-74.7	196	55.6
-217	-301	-239	84.3	246
-99.7	153	-103	-260	-67.5
26.3	-365	-358	-111	-28.3
335	243	65.7	55.6	-157
27.9	-156	-231	-285	-137
22.9	-238	322	183	-32.2
-193	-167	280	-221	-360
111	38.6	-90.2	-158	344
-194	-111	-294	113	-328
-39.5	-360	-124	62.1	109
-34.6	26.2	-387	-101	-20.2
-314	-130	-173	-235	-134
137	-75	-187	141	29
-270	93.7	-315	-219	-209
189	-155	-64.2	43.9	-132
-219	-77.3	145	-309	-62.1
-97.4	277	-46	-38.8	345
-349	157	-204	57.9	-6.89
58.3	0.187	-206	161	139
-269	131	-524	-45.4	-247
110	2.45	-45.1	134	-290
-279	-98.7	-11.6	-101	-118
-107	-138	-59	72.8	-193
21.4	-278	-61.2	123	84.5
-118	-99.7	-239	-169	109
132	-172	-62	-87.1	146
-50	119	170	-72.2	-142
261	-42.1	28.2	-250	-154
-28.2	-90.8	-123	-280	-140
-7.38	-209	59.9	39.4	-197
-329	-468	-163	-150	-8.54
163	-302	-48.3	-70.5	-164
76.3	-43.3	-68.3	354	-83.1
-119	16.2	-57	2.29	-210
44.8	115	116	-59.1	-72.3
25	28.3	-159	-251	-118
-301	117	182	-121	-110
-108	-77.4	351	59.1	-157
-73.9	21.6	37.2	-9.85	-244
259	-158	-232	91.3	-244
-297	-84.8	-290	-210	-154
148	-178	-80.4	258	123
16	-99	-279	19.4	65.2
-141	-103	150	153	-289
-81.4	-81.2	36.6	-53.7	-121
303	-430	-134	-63.3	23.9
-291	-272	37.9	22.4	-21.4
-70.1	3.08	-183	88.5	-94.2
-56.8	-221	95.2	24.5	-46.3
-20.6	-131	19.2	388	-224
-84.2	-193	48	-163	-241
-67	-292	-50.5	-122	-92.2
9.62	-163	116	-94.6	123
105	65.9	-125	-224	-9.87
-384	70.9	9.9	137	-216
-121	-146	49	-86.1	103
-40.6	-272	-178	-152	-117
-170	142	80.5	-26.5	-99.3
-74	-169	-288	-221	-9.2
-236	-250	6.16	193	264
-418	32	131	-120	37.2
-152	-86	-252	11.9	-363
-98	-111	-185	-310	54.4
-258	-72.4	-223	125	-125
-242	52.7	-151	187	-418
-20.3	-133	-260	-46	-184
-64.9	1.23	94.4	-205	135
49.4	11.1	189	-341	32.4
70.7	-315	109	-86.7	-139
-141	113	-43.9	-11.8	-109
-185	-61.9	-152	-191	-565
152	213	-4.82	-130	-359
-150	-68.3	224	-147	-283
-4.08	-411	48	-203	124
45.1	-140	105	106	192
-152	-244	-173	-41.2	-379
-271	155	-92.2	114	272
-40.9	-246	134	-130	220
73.1	-68	-178	-212	279
-191	-228	-115	94.5	-262
-77.4	-23.1	-258	-219	-139
-288	53.6	-142	-12	61
-278	-99.9	-151	-262	-148
-101	-382	33.5	257	-115
197	27.4	11	157	65
-90	-165	-147	-300	347
-318	115	-62.9	-66.9	-305
-188	-308	-98.9	-171	-219
156	-211	71.7	53.3	-58.1
-399	19.5	94.6	-355	-147
-305	-10.2	-172	-195	-327
-63	206	-98.3	58.1	-67.3
-342	-81.3	-420	125	13.3
1.53	-111	194	-31.6	65.9
-321	309	-198	-85.9	-244
-23.5	-49.7	-286	-157	-296
-22.8	-355	-209	-55.5	-146
60.2	-262	-163	158	-97.3
81.3	-102	124	-115	-60.5
-23.7	54.9	-110	-129	-199
-19.4	-173	-113	33.5	-174
-81.3	34.8	75.5	-21.9	-145
-98	-125	-96.5	-197	-210
-440	23.7	-266	-315	140
-290	-90.9	-226	85.6	-181
-24.8	216	-280	-260	180
-84.4	-39.4	-342	36.8	-15.3
-143	-48.7	-215	-292	69.2
6.96	-1.89	85.6	-236	-240
-65.8	-43.1	-84.8	174	-7.6
-225	-264	-123	-15.8	-231
174	-199	-400	-45.9	-48.7
-9.04	-214	-217	-305	-129
-183	-0.587	-179	-150	-118
-117	54.3	66.8	21.7	-87.2
111	-325	173	48.3	-98.6
6.72	177	-23.1	-432	-105
-242	-540	-186	-137	-110
-3.1	24.4	46.8	-58.3	171
-127	219	-85.3	-239	26
-67	-244	11.3	-298	-197
38.6	-175	160	-6.67	-297
-105	28.1	20.6	-89.2	-241
-437	-416	-176	90.2	-49.6
-66.6	-162	-61.2	-11.3	-32.4
-79.9	122	-218	108	-89.3
43.6	-273	-78	-38.5	-137
-300	34.6	264	39	-434
260	-289	-18.8	-243	-132
-127	-61.6	-336	116	96.7
-10.9	177	136	-132	-59.5
-460	-118	-447	58.1	-230
-253	159	138	-289	-3.38
-226	-224	-78.3	27.5	295
-64.3	201	41.9	145	-181
-108	-61.1	-129	162	-349
74.6	-166	-10.8	-138	197
-206	-225	-0.762	-275	204
39.4	24.5	-192	155	-406
-33	-90.3	-61.2	-283	75.9
-208	56.3	-121	-267	-77.1
-126	-329	256	-386	-415
142	-231	-30.5	50.9	-226
-218	-471	-65.2	-175	-71.2
-97.7	-88.1	3.1	-177	-205
238	84.7	-118	-186	19.4
-45.2	117	-138	-138	-26.1
-210	23.5	-196	-153	-175
-98.4	22.6	-43.1	-165	-60.2
-41.4	-107	-36.9	-489	185
-292	-202	45.2	169	-308
138	-101	-250	112	-11.3
-92.5	-246	-66.5	-136	1.65
-205	-188	-41.2	-162	143
-134	-13.6	-69.2	-10.6	-57.8
212	-106	-241	-213	-406
137	-6.02	102	-182	-209
174	-3.16	-160	-83.6	-192
-109	-246	-112	-174	-264
49.9	-27.1	-242	-64.5	-157
-85.7	24.1	-21.8	214	119
-328	-240	49.5	-328	-353
99.9	214	-64.4	-113	-182
-196	-28.7	-256	-439	-291
147	-113	-212	-155	-165
-54.1	-141	-333	-260	-28.4
203	286	-383	-35.8	219
85.7	101	-72.2	-357	-138
-323	-109	78.7	36.7	-274
-110	64.4	-34.7	-44.3	-378
-108	32	-18.4	-273	-141
-273	-74.5	-170	-251	-340
-204	-513	-121	-366	14.7
-347	-199	-97.6	-385	38.1
-219	-174	176	-70.2	-68.8
248	221	-146	-115	-2.03
-5.67	-77.7	-92	-374	-156
19.9	-214	-23.6	269	-219
0.309	108	37.3	166	43.5
-82.4	-170	-157	-15.1	-208
-248	-183	93.1	-204	-18.2
25.5	-210	69.2	-260	-398
-13.5	-23	66.3	-169	22
-215	-307	-67.9	-242	-30.8
-72	157	-58.2	-162	64.8
-22.8	-191	-125	-385	-163
-177	-179	180	-222	-134
-171	3.91	-0.574	72.7	-35.6
-316	-387	-236	-180	-137
294	300	-109	-68.5	121
-265	-108	-351	-11.7	-267
111	79.9	-273	-17.7	-313
-262	-27.3	-266	-234	-68.6
67.6	71.2	-88.7	-454	-424
30.3	-241	-319	7.34	9.78
-127	-260	-235	-382	-24
-391	-366	-421	51.9	96.1
29.1	-188	-375	-90.8	-114
124	-90.5	57.3	125	68.1
-93.5	-134	-77.8	-270	65.4
-281	74.2	77.5	55.7	26.5
-196	22.2	31.7	-134	-196
-22.1	-25.5	-89.5	-61	93.6
-101	132	203	-320	56.5
-374	-256	-119	-34	-215
-21.3	-84.8	-121	-67.7	44.5
-363	-175	-194	-332	-338
-172	-4.6	-179	-264	29.8
-82.8	123	219	-188	-284
-264	-166	37.9	-31.1	-108
57.4	-46.5	-274	3.97	-117
-236	-133	53.4	-188	35.5
50.4	-1.3	125	-130	106
-354	-147	-358	-180	-70.2
-58.9	-101	-137	-202	131
37.7	-244	35.7	-37.2	-362
-308	-219	-49.2	47.9	-63.1
-23.9	102	-150	-277	254
-155	-278	83.8	-144	18.9
-238	18	159	-428	-159
-93.1	32.3	-191	-112	-160
31.7	-118	-297	33.6	-34.9
57.1	-108	49.1	15.5	91.3
196	103	-137	233	19.1
-95.4	-49.7	-117	-138	62.7
-348	-316	-168	-44.4	-396
-149	9.33	-85.8	-58	-52.5
5.35	-235	-4.28	-375	150
-9.39	256	-115	-216	-204
-114	-356	-166	57.6	234
68.7	-0.266	-277	246	29.5
199	-243	-150	59	-85.1
-196	-137	-91.5	-121	161
-87.6	-43	-411	-231	-4.11
-145	-181	-32.7	165	-232
116	297	0.714	-156	-23.1
113	-37.3	-190	204	279
-240	-76.9	-49.8	-357	-96.4
-241	-337	29.1	38.2	-293
41.4	-72.6	115	-34.8	-125
-275	-72.3	7.23	15.6	-297
-109	-127	-78.6	46.7	-194
65.2	-20.5	-339	-114	-265
37.9	-8.9	32	3.07	-514
-8.55	-124	1.88	-210	-216
-272	58.5	29.5	-183	146
-180	-51.6	109	-110	-118
-17.9	-187	168	-99.9	-233
-180	-170	-25.6	-211	277
-113	-273	-116	-123	-65.4
-2.76	-275	-61.8	0.274	-286
-353	-31	-111	-50.4	-125
-182	-104	197	205	-183
-180	-402	-143	-70.6	-450
-257	-109	-11.3	-154	-63.6
-281	-6.17	-74.6	-199	-46.5
-214	161	-8.08	78.4	173
-335	-266	-14.7	-288	-201
-204	-154	-199	-178	-98.2
90.7	106	-131	-32.1	51.6
-337	133	-29.9	-146	-185
83.3	-127	-3.99	-387	-96.5
-119	-121	-81.9	60.1	-49.2
-69.8	-41.5	-127	101	-44.6
-93.3	-190	-40.1	-78.4	-132
59.9	-25.1	-283	-142	-69.7
-19.4	-110	-134	-227	-252
-83.1	-90.4	-8.99	-211	-185
-249	-185	50.8	69.4	-67.7
24	-461	265	-270	-101
-171	82.4	-134	-216	-334
133	-186	-263	-236	-206
-215	364	-199	-94.6	-287
-226	-121	-123	81.4	14.9
-23.4	-440	233	205	97.3
92.6	-110	-57	-73.8	40.2
-38.9	91.3	-160	163	-166
69.9	-115	259	-212	-281
96.2	-476	-282	-295	102
-27.7	-80.4	-187	7.51	-2.05
-71.6	286	-60.8	232	25.3
-358	16.7	-344	-40.2	-81.6
-69	-233	-83.9	-24.2	-57.1
181	-45.7	-110	-419	-79.1
-363	-196	-346	-24.4	76.6
-180	-1.1	-209	-312	-136
-57.5	-139	-287	106	57.9
-13.8	-90.2	-204	-0.556	64.2
-51.7	55.2	-193	-23.6	-329
-68.4	-152	125	-249	23.2
-37.5	-250	272	-72.5	-148
-155	-335	142	55	-108
-33	-218	-3.32	-284	-30
-90.3	197	-279	70.9	-480
-308	-399	-82.7	131	-141
-432	-323	-29.7	-94	16
147	-212	146	63.6	-226
136	51.9	-94.4	-145	-258
-150	-248	-85.9	-89.3	-57.6
-164	14.9	-244	83.7	-8.85
226	-335	-206	-179	-9.43
-154	-176	-467	44.4	78.7
50.3	-258	-46.5	184	-36.3
-207	-127	-263	90	102
-320	129	-154	-127	81.7
112	-105	151	81.1	279
-109	66.4	-58.3	-27.2	118
-84.3	-113	76.4	119	-226
-67.3	-99	-278	-75.2	234
-38	-296	58.6	-86.2	70.1
-51.3	166	-71.2	-189	-218
11.5	-207	-123	-7.73	82.4
-77.4	-122	53.4	25.5	93.9
-374	-186	-232	-466	-492
28.6	151	-81.9	-298	-110
-198	-356	-90.3	-225	-79.3
36.1	-15.4	34.1	-12.4	-153
-61.2	-314	-411	-155	55.9
58.2	-0.662	275	-52.3	-15
-6.41	-9.77	-399	-54.7	159
-17.4	-577	-294	6.07	-18.4
126	330	47.5	-39.1	-229
-361	166	-189	-83.6	-208
-366	-282	-141	-19.2	276
-64.4	65.4	-154	177	-160
-193	-148	-214	-265	-118
-321	-148	-276	-188	-482
-384	44	-24	-28.2	59.6
-128	-40.3	-113	38.7	-145
82.8	-89.4	5.3	125	123
-210	203	198	-96.6	209
36.1	-7.49	179	-67.1	31.2
-275	1.07	-30.2	-15.2	-40
26.6	96	-290	48.7	-164
-42.6	157	-234	-261	-225
-92.4	222	72	99.2	8.9
239	193	-83.9	-72.2	-95
34.5	-87.9	-165	-30.5	-124
-136	-312	148	-150	-146
178	-72.7	24.7	-165	286
32.7	69.6	-417	-204	-143
-132	-6.66	-364	-149	73.7
-57.8	-7.88	119	-174	126
-179	-71.5	-248	-155	142
-75.4	-147	-151	421	-15
-243	68.4	390	21.4	-128
-137	-93	-147	-195	-20.1
-349	-17.8	285	-250	-26.4
-191	-171	249	234	163
-58.8	23.6	-240	-95.3	-13.2
-0.387	-165	-0.0568	-150	-304
-315	148	10.6	-4.31	-77.8
-110	-278	-201	-66.2	15.8
119	73.9	-302	-65.9	155
-91.2	-19.7	97.2	-60.7	-240
-126	-408	133	-269	-136
2.09	-200	-80.4	39.4	-228
-147	140	-305	-138	98
30.5	-251	-78.7	-88	-13.1
5.58	126	97	51.9	-203
-372	-209	-206	275	-176
-255	-41.4	59	-187	131
-362	-270	-21.6	-13.5	-39.8
-106	8.93	-139	58.6	-237
192	-65.1	143	-25.8	-250
-541	48.4	-173	-37.9	-13.3
-370	-140	-131	-244	-33.7
-24.5	-202	-306	-6.46	-215
-176	109	-69.8	-313	15.3
-41.8	-283	106	-144	-269
-13.5	181	-78.9	-29.2	83
-46.5	-297	137	-157	-135
38.2	-133	-307	149	-41.7
-213	-316	22.2	-10.8	-380
-159	49.1	-174	118	16.7
-147	-301	108	-231	141
85.8	-84.7	241	-84	-192
-131	75.9	-56.8	-158	-38.2
-352	-245	-250	32.2	272
-158	23.7	25.4	-65.5	44.1
-80.4	-339	222	-291	-89.4
-87.7	-180	-7.54	-379	55.9
-75.1	-175	172	73.4	-311
-333	-22.7	-81	106	-164
-161	-381	-389	104	-198
-292	6.89	-56.1	-157	-31.5
-351	-205	-138	172	89.7
240	-316	-203	-69.1	-50.7
49	-385	283	-162	143
-26.4	-405	56.7	-310	-313
-340	-249	-407	225	-252
-288	-52.6	-509	13.9	176
-340	92	213	-5.11	-231
