-281	-254	-1.97	122	69.3
157	-49.4	-136	209	-179
-248	-208	294	91.3	-71.9
86.1	-274	21.1	99.8	-96.5
2.67	-237	-115	-65.5	-146
-220	-81.7	123	-99.4	103
28.2	84.4	7.34	-197	-160
-261	-193	-165	-187	294
-161	-110	-23.3	0.0514	-136
128	-6.67	-97.1	-57.3	-220
-100	-30.3	-18.6	-201	83
-51.2	-225	-516	-248	-313
-264	171	-104	172	-112
-105	-310	-37.6	6.74	200
-138	158	-71.8	-132	-246
-362	-252	-208	-227	81.1
-67	-112	-209	66.5	396
55.2	-109	126	-189	-251
-321	15.1	-170	-32.8	98.4
-165	-185	167	-47.6	40.4
-272	11.4	-104	-101	-46.1
-80.3	20	-142	76.2	120
-92	-166	-69.3	-116	-238
187	54.2	-262	35.8	221
1.42	47.6	87.6	117	-271
-66.6	-408	-68.7	-443	-72.6
187	-91.1	-161	-104	-68.8
-32.2	-194	-124	-246	195
-292	30.8	102	-260	263
-214	21.3	-305	80.5	98.6
-284	-156	153	-66.7	-242
-187	-301	-398	-2.35	-145
93.8	48.8	-85.8	88	-117
-22	204	-97.4	-146	-180
-179	-242	27.8	-73.6	-29
109	-88	-256	-286	30.1
60.2	-244	-46.2	54	-54
-301	48.2	108	-356	-55.1
-9.13	111	-203	-142	136
-404	-199	37	-117	-101
129	30	-195	137	-86.4
-150	-211	54.5	19.7	-191
-27.5	105	122	-25.4	-148
127	-331	-397	20.3	34.8
-129	-81.4	-142	-152	-113
-36.9	2.28	-267	-238	-202
-112	163	-104	104	-221
-44	-158	-84.3	171	-191
-136	-172	50.8	-15.3	-78.7
-237	-145	-164	15.7	-466
198	-2.07	12	-20.2	-190
-146	2.65	-322	-174	-119
20.8	-9.79	-214	82.8	-386
-82	-388	155	-339	-83.5
-330	-15.3	82	344	-31.4
82.5	-57.4	32.9	-214	-31.3
-333	-119	113	153	-134
-340	-244	-139	-174	204
12.9	149	10.7	25.8	51.6
-451	-35.1	-42.9	-241	-263
299	-173	-346	-199	-74.5
-107	-16.1	137	-125	-178
-42.8	-19.7	60.2	127	239
-132	49.7	66.7	-110	-230
-96.7	-115	-221	5.38	31.5
-212	-104	17.6	-356	-261
-117	-243	-153	-185	-232
39.2	120	-220	-166	-163
-263	-251	-283	-240	-291
-133	-11.1	91.8	77.5	129
-486	162	-59.5	-170	-10.8
-14.9	-50.7	220	-125	-257
80.5	-44.7	-72.3	17.8	-379
-16	-142	-161	-74.2	-46.1
-172	-107	219	-77.1	-150
157	-178	-27.8	-28.3	-144
-51	-290	-299	53	72.6
-241	-381	139	55.1	71.8
-361	-16.7	161	-157	-17.6
-184	-113	-109	-217	-134
-34.5	82.1	91.8	149	-140
-140	-199	72.6	-243	-208
214	-120	-222	-318	-44.9
-56.3	15.5	26.8	-3.16	-165
-245	47	-100	163	-75.6
55.6	-120	-67.6	-40.9	82.2
-155	-88.9	-186	113	41.1
131	-257	-255	10	-151
-66.5	157	43.5	-196	-60.8
-211	-154	-93.5	-180	-49
54.5	-99.8	-25.4	99.2	-237
-131	-284	-99.5	181	-185
-314	-199	-213	99	-507
-29.6	-80	-197	-68.2	60.4
28	-73.4	-251	-103	123
194	36.6	-24.2	165	-35.1
68.8	39.5	-287	94.3	-142
35.6	-304	-199	-145	-98
-307	-24.1	-44	-76.4	-282
-318	-104	-66.2	-52.9	-68.4
42.6	-159	207	-121	-61.1
-52.4	13	235	-69.1	130
-5.96	-17.8	-148	-26.5	-41.8
-109	27.8	-161	100	-46.4
-67.1	-21.1	-120	-42.2	167
0.22	-339	-125	-183	-128
12.5	22.4	-135	-132	-138
-195	-288	-278	161	52.9
-151	46.2	-176	-73.2	-269
-25.9	-104	47.4	-3.59	68.1
-145	-169	-68.3	-96.6	-38.8
-186	-171	130	-136	40.9
-114	176	-111	-355	195
-92	-196	307	60.7	-197
-362	-60.8	35.2	-9.46	-3.34
207	133	38.5	-95.2	-38
14.8	-12	-124	-150	-189
-107	-331	111	-373	120
220	-395	57.7	144	-106
-342	-163	181	-88.7	-229
46.2	275	62.7	-8.11	-77
-282	-122	-195	-174	-303
-267	-316	-54.1	-282	37.1
-311	118	-203	-271	-119
21.8	105	-122	-63.5	-288
-285	27.7	-42.5	-94.8	-174
-59.5	-205	-97.4	-257	233
-30.8	-77.3	-77.1	-152	-345
-61.9	-0.216	364	-3.16	-115
-176	-122	-90.7	28.5	29.8
-127	-193	-318	-7.85	-96.9
-43.7	-16.2	-390	-259	64
-133	-156	-43.3	-190	-186
32.5	15.2	-297	-59.3	-223
-107	-35.9	-42.5	-434	17.3
-121	60.8	-9.93	-147	-167
-152	-41.8	-38.4	-315	-11.7
-129	-73	-229	-62.6	-196
-186	-21.7	-68.8	331	-206
-128	-175	22.7	179	-193
-172	-233	109	-123	-79.5
-85.8	85.6	-338	-91.2	-290
-44.3	68.6	121	-170	-125
-87.2	271	263	-107	85.1
197	219	-139	105	-201
-253	-11.2	-357	-324	-24.1
-24.2	-10.4	29.2	127	14.7
-147	-247	-205	117	56.8
-213	-103	-213	-90.6	-315
-60.6	64.5	-197	217	35.2
1.55	-66.3	-57.2	-185	61.7
19.8	-257	-246	103	277
-89.3	-165	-110	-14.6	306
83	123	-41.3	-212	-70.8
136	209	-136	1.25	112
-72.7	232	-121	-394	80.2
-38.7	-240	-26.6	-118	51.7
-160	-172	163	66.9	-351
-90.4	14.7	-277	-46.2	-336
-317	-181	-238	278	-125
21.3	174	84.5	50.4	11.7
44.7	-247	-50.9	-196	-47.9
9.15	-150	-16.9	302	-157
-303	-226	-28.7	-275	-247
-52.4	-351	-246	-66	-430
-446	-149	-102	18.6	-138
200	247	-131	95.1	191
-251	-284	-289	131	-152
-160	-38	-88	-225	-298
-131	-168	-104	-405	32.3
-108	-251	166	-76.5	-214
-138	-198	225	89.1	-203
-277	-353	-240	174	-247
-224	80.5	58.1	-119	-152
-41.2	151	-52.4	-47.7	-112
-177	-437	-50.1	336	-108
-37.1	107	-160	-94.8	-110
-465	-125	-282	-113	-148
-180	-151	-48.1	-78.3	-90.2
-188	-79.3	21.9	-150	-375
-9.16	-88.7	-100	169	-107
-122	-166	-61.1	-40	122
17.9	-400	-58.3	-50.1	400
-228	23.8	-216	-156	-215
-77.5	-127	31.1	-245	-229
-130	-119	-260	-213	-59
-33	-13.6	-81.3	-17.2	-79
-113	-224	-160	-140	-99.4
-120	159	-11	240	112
-284	-212	55.7	-15.9	97.2
4	53.8	-45.7	44.6	-131
73.9	60.9	190	41.7	-382
-298	-147	-169	257	62.6
-294	247	-115	-140	70.4
-162	-247	95.4	-108	116
-47	337	-270	-104	82.7
-146	-203	29	-81.8	-132
216	-120	-42.8	144	-80.2
-92.1	218	170	-174	-155
-118	-27.1	56.6	-128	-132
-75	-132	-48.9	-243	-374
-473	-177	-345	-113	-167
-189	-259	147	-23.6	164
-103	-103	-133	-344	-35.2
-314	-32.3	139	-87	-17.1
-200	-128	-104	-70.8	112
-310	-187	53.1	-167	-39.1
-20.6	-32.7	-126	58.1	-208
36.6	33.1	79.1	-102	-114
117	-71.7	-253	-201	81.8
281	73.7	43.9	44.3	-141
-531	193	-195	-140	-59.4
116	-74	-229	239	-22.8
-309	-86	4.52	-224	-159
-95.9	-227	-35.4	-127	-115
-50.9	-86.2	-105	373	78.7
-36.2	209	-43.5	-246	-160
-91.2	-314	-140	24.1	3.09
-75.3	28.6	-64.9	255	-266
-124	-54	-98.7	-131	-187
128	-1.92	208	-111	-65.4
189	-177	-374	-271	-188
-43.6	-267	-98.6	-232	-209
-94.5	63.3	87.7	-117	-46.7
-54	-299	-259	-177	-42.9
-171	-389	69.9	8.44	231
-109	-127	-323	-306	196
-373	-92	-235	-75	-207
13.6	-29.9	-40.9	-194	-159
71.5	-4.64	-78.6	-205	-51.3
-175	-56.7	-125	-158	69.4
-23.3	-178	-267	-191	93.4
-339	-176	168	9.76	-55.8
-137	-38.3	-51.9	-189	-129
133	54.2	75.4	-50	-207
-568	-6.43	-206	-63.1	-47.7
-137	-458	73.8	-362	-233
-41.2	-54.8	-293	-164	189
97.1	-84.5	-215	303	-154
-141	84.5	-414	70.4	27.8
-117	-458	-127	-228	-20
4.98	-303	-250	-380	167
-119	-65	-384	32.6	-111
-57.6	0.16	-276	-11.4	78.2
180	-8.41	-171	71.8	-110
-137	369	-129	22.5	-145
-373	-131	-109	-107	-200
-224	-363	-21.5	-222	-56.8
-150	-96.7	408	-1.47	-146
-34.5	-309	-199	74.4	-136
-38.5	-120	16.6	-62	197
-194	-268	-42.8	-277	72.2
-86.5	98.3	-143	-249	137
-50.3	6.37	-77.3	-183	-225
23.4	49	-185	38.4	-124
222	-91.9	95.4	-126	-50.3
43.7	168	-55.5	-227	188
-244	-124	-246	92.6	-54.4
-29.7	44.2	-64.9	-2.16	-132
102	-2.74	9.07	-175	-83.3
-208	-94.7	220	-140	-207
-243	53.9	-341	-176	-2.19
-132	-117	-121	-71.2	5.05
-274	-114	104	-5.62	15.4
135	131	339	-170	33.6
-123	13.1	-55.9	-321	-159
-142	315	-164	-9.53	32.6
-317	-142	-11.1	-49.8	-57
-252	87.2	121	-10.9	-311
60	-450	256	-123	63.4
98	-187	-140	-322	-2.64
-294	-231	178	-324	-388
-252	-313	-152	-10.1	-133
-178	-18.8	-238	115	-92.4
106	-239	-228	-86.7	-138
-106	47.6	-217	218	213
-165	-267	-181	82.3	-195
-164	-6.91	-224	-54.5	-250
-155	-83.6	7.97	-133	-126
-474	-28	104	32.4	89.2
-113	-10.6	-23.7	201	57.8
-87.9	-183	-245	128	-273
168	-44.3	-514	113	-491
-243	-22.1	-284	-123	7.59
38.3	63.7	-185	174	-74.2
-358	41	97.5	-408	-67.5
-244	-165	-81.9	-204	-117
-137	-118	-88.8	-137	-172
-178	-63.7	75.9	-194	-55
-203	-175	-148	-43.9	-53.7
-32.8	-145	166	-40.4	23.8
-107	-113	19.7	-131	37.3
-229	-38.7	268	-248	68.8
-89	-140	-372	-163	-21.3
-230	-97.5	240	-0.27	-149
112	6.85	-471	-377	-196
-36.4	-102	169	-485	-250
-200	-4.26	-106	-64	-202
249	175	-290	-360	77.8
-32.6	-175	168	-312	-60.5
-209	-327	-22.2	-101	-641
-70.8	-39.6	-307	-163	85.7
-170	-131	27	-39.1	-4.49
-218	-367	-359	86	98.1
98.1	-61.8	-58.3	-59	107
-25.7	-9.06	-0.352	-188	-191
-170	-184	341	-283	19.4
54.4	13.8	-109	-143	-1.86
-199	27.7	-305	74.4	-193
140	-314	39.1	-162	39.5
-263	41.7	-404	-119	-30.5
-122	-259	-23.2	-51.7	-68
-114	3.58	-250	79.8	-277
-95.5	117	241	104	-22.4
154	-342	-193	-45.4	-27.7
-87	-2.59	-242	58	-286
-259	-114	-114	-81.2	-133
-488	-136	-17.7	-152	-416
-121	-365	-292	-190	40
-140	-48.8	-121	114	-198
109	-124	60.1	312	-214
-194	22.8	-183	0.249	-98.1
-246	197	-15.5	-117	-163
15.8	240	-298	-186	-8.1
127	70.1	-424	-315	31.2
-61.3	22.9	-219	96.7	37.7
123	93.7	-111	32.2	2.24
-198	3.29	-125	61.2	46.6
-54.3	-462	-172	-110	-55.8
-352	-47	199	-193	31.2
18.1	-237	68.1	-186	-22
-101	-113	-289	-74.1	2.97
-71.4	125	162	-63.7	-251
76.9	-175	-49.7	2.83	-208
-59.3	-5.9	-50.1	1.58	101
-523	-232	-199	99.1	-25.5
-115	-153	58.9	140	-19.9
-209	-72.4	44.7	-161	-279
-226	-190	44.7	-493	-262
-241	-200	0.341	17.4	-55.7
125	136	5.04	-285	-11.2
-301	-281	-146	-23	-61.5
-257	109	362	-271	-71.1
-129	108	139	271	-95.1
-263	-208	-317	-138	-278
-16.4	38.4	-96.6	198	-181
-30.7	-57.3	-326	-265	-57.4
33.9	267	-81.2	65.3	-85.8
141	-87.8	-150	95.4	67
113	101	-10.6	-75.4	169
75.2	-213	157	-236	-214
267	117	-208	-231	-242
-182	308	88.1	-148	-166
-146	-170	-27.4	39.6	-486
-217	-170	13	-282	-180
172	-135	10.6	-284	98.7
196	-281	-314	-172	-228
72.1	-304	-63.2	-268	-315
152	-84.6	-189	-33.6	107
-58.7	-39.4	-22.3	-245	-218
135	218	185	-387	-25.6
-98.9	-112	88.1	152	-386
-297	-372	42.7	41	-214
-18.6	153	23.1	-31.9	-155
164	30.4	-7.25	45.7	-231
63.7	-87.1	-60.9	-55.4	70.9
-80.1	-21.5	-123	-290	-214
-72.1	-208	-105	10.7	-107
-12	-21.9	-161	-74.7	81.3
28.9	-85.3	-10.8	-475	-224
-21.7	7.93	186	74.9	-65
-420	-328	-212	-172	79.8
-364	-122	-347	-187	-112
27.8	-60.1	-127	111	171
-115	-211	-357	-71.9	-137
109	-419	-352	-92.9	164
82.5	-410	58.4	-12.5	-227
-111	-146	-159	-311	40.7
-83	189	-69.6	201	-175
8.36	298	-236	-227	-125
-15.7	-195	-5.93	-153	19.1
31.7	-37.1	-256	-486	84.1
39.2	-295	66.1	-199	42.2
-105	-42.9	127	-259	-39.6
-213	-195	-200	32.6	-211
-52.8	6.11	-79.8	-251	-33.3
-39.5	-200	-224	8.6	216
-129	-79	-101	-192	-82.8
-286	-45	-141	-202	-242
96.2	119	-91	-127	-430
-280	79.5	-235	-252	64
-40.9	-32.6	-10.9	-111	-136
-260	-70.3	21.8	-279	-97.1
-156	14.7	2.17	-196	-25.5
-380	-8.18	-299	24.4	-274
-77.9	63.6	-42.9	-381	128
-212	-53	-19	138	-104
-52.5	-242	-208	-183	98.6
-302	-69.1	-287	-248	-5.49
-98.6	-247	-121	-285	-181
-146	-99.9	-35.7	-188	143
-298	-100	-233	57	46
-245	128	-191	-40.3	106
-42.5	-170	-101	144	-267
11	-251	-62.7	-69.7	-76.4
-70.5	5.93	-77.2	-64.6	-269
47.3	-163	-170	311	-281
-226	53.3	12.4	-5.93	94.1
-200	354	-321	-42.9	91.2
-443	104	-47	110	-9.04
27.2	-54.7	-280	-67.1	-289
122	-190	-138	-152	-150
-293	-106	-160	34.2	-67.6
9.29	-130	-109	-146	123
-196	121	101	-180	-21.4
76.8	-62.8	-255	-44.4	61.7
-98.4	63.7	-42.8	61.5	-459
-270	-167	79.5	-98	5.57
-22.3	-189	-93.9	-163	-14.5
-237	-320	-143	84.4	-197
-300	-47.9	60.1	-41.5	111
208	-182	158	-202	224
-115	-111	-110	-478	102
121	111	-24.8	-272	-68
-147	-78	-177	57.7	-287
-31.9	-255	72.1	-133	167
111	53.7	150	-71.4	-138
-174	91.7	-48.5	252	131
27.9	-37.3	-58	66.8	-251
-21.1	-46	13.3	-0.851	-142
135	124	-101	42.4	-220
-44.2	-74.5	-302	-75	206
167	158	44.8	190	-22.4
-145	130	-278	-10.2	13.4
74.1	-278	-188	85.4	-146
115	-89.3	-32.9	-237	-395
21.6	89.6	12.7	-129	167
-109	-89.4	39.8	-197	-247
-41	-163	-46.7	-207	-283
290	-89.2	46.3	-27.3	-274
-19.7	-64	140	-250	-138
-40.2	3.33	-6.88	87.1	70.6
106	-78.2	-144	60.3	27.1
-426	-117	-28	-219	107
216	179	-67.4	20.9	-367
-235	238	7.79	-62.3	-256
-104	-337	-0.872	7.51	-59.3
-465	-7.82	55.6	-32.6	-85.1
-189	-138	-252	-66.3	-299
-80.9	71.1	90.6	19.2	-192
22	50.2	-122	282	-37.2
-85.2	-169	86.7	-223	-229
263	47	-50.7	-258	-148
26.6	-6.89	-338	-254	50.2
-368	41.1	-235	-146	-266
142	-419	-218	-97.3	-291
-147	-447	193	-276	-280
188	-85.5	18.1	-136	-119
164	-80.7	-123	-24.7	17.4
-144	200	73.9	-282	-248
-132	-236	-175	-101	-44.9
194	-246	119	-158	110
-283	147	0.599	-24.9	-190
208	-84.6	56.2	-111	-218
-93.5	-145	-291	-104	-199
-143	-156	-163	10.2	118
-149	-198	78.4	-78.8	69.2
-26.9	-162	-17	-43.7	-328
-104	-103	-30.9	177	-224
-281	-103	-3.06	-175	95.5
91.2	84.9	-206	120	-126
-357	-393	-243	-87.1	-61.4
238	-5.88	-213	-33.1	115
-195	-400	-171	-298	-192
358	171	-238	-113	75.4
62.3	186	-167	-37.7	-21.8
-157	258	-293	-143	-320
50.7	-254	240	-150	-184
-8.02	-252	25.5	-96.3	62.1
-129	-203	-285	-83.5	-141
67.8	-509	119	-163	71.8
-131	-426	-57.1	-118	-243
-97.2	-211	-20.5	-112	61.9
-345	-103	-221	-192	-304
113	-146	132	-11.9	2.2
30.1	6.87	-167	-153	-88
247	-160	-170	-110	-47.4
-385	-160	-38.5	-112	125
-104	-8.34	-213	-76.6	-231
15.3	-149	-40.2	-305	-483
-227	-248	-152	-143	23.3
-1.43	101	-129	140	153
30	-83.4	-312	141	73.4
-212	88.4	6.99	-285	23.9
-163	-194	274	-9.16	-14.2
-275	-20.8	-19.2	-57.6	145
-103	-301	-237	-5.81	-147
55.1	133	-59	231	-64.8
-102	-37.4	-48.8	-252	-103
-135	-144	-11.6	-114	-104
80.9	-208	-195	-132	-70.5
-131	-265	-234	42.8	2.17
-169	-309	-128	74	-8.75
-324	-119	-17.8	-266	-73.9
-23.3	-131	-50.4	90.6	-268
-425	148	-324	87.9	58.1
-95.5	-23.4	-31.1	-181	-137
-1.38	108	-342	-115	-254
-269	-141	-73.3	119	-131
0.0641	-43.6	-302	8.33	8.12
-104	-54.4	-95.7	211	-239
162	-44.4	-116	358	65
72.8	12.7	-231	58.2	-137
-78.3	80.7	18.8	-65.2	-19.5
23.5	-96.3	-88.8	-115	-54.7
138	56.5	-168	-356	-22.6
-187	-129	-215	62.8	-181
-47.2	-166	-194	-121	-199
-41.5	-402	-225	-12	50.4
149	-142	-136	-132	-219
-66.9	20.2	-175	-372	28.9
30.2	156	58.6	-195	109
-190	-207	76.7	-24.6	88.9
-99.7	-378	-383	-184	-7.32
-100	-209	-188	-36.9	-221
-127	111	-283	95.5	-215
-23	-228	-194	-95.3	-130
-376	227	66.9	-138	168
-220	-154	-110	-397	-318
-46.1	-176	-68.2	194	-11.1
133	28.1	-98	76.6	-177
77.4	-127	152	-280	156
-17.3	9.66	77.5	-137	192
-239	-136	-21	-254	80.7
238	142	-26.5	-270	109
-390	299	35.2	37.7	168
-242	-131	-150	-49.1	-159
-297	-137	-403	117	-153
-125	-215	-409	143	-78.5
86.8	-310	-98.3	115	-254
-209	193	-155	-360	-337
-251	-242	-39.3	-348	-109
-72.1	27.5	-7.2	34.4	-256
-101	22.1	96.5	-113	-66.9
-108	-285	86.5	1.12	2.7
-282	-160	-74	-245	62.5
-24.3	-290	-194	114	-136
-50.3	38.4	-409	-28.2	-203
192	96.2	-173	-93.2	-248
-66.8	-175	1.17	-116	-173
-113	-85.3	105	-49.5	-22.1
219	-342	-205	24	184
-2.38	-402	160	-8.37	-302
-36.1	59.9	80.9	-187	-89.5
-22.1	5.33	3.08	-316	-199
94.1	-115	28.1	18.5	10.5
-43.4	-313	-343	-55.3	140
-311	180	-338	8.87	-150
-240	7.84	-47.9	-168	-223
-145	195	-32.9	-75.9	-84.3
-102	135	-126	-67.4	32.9
-343	-223	5.46	-143	51.9
-82	80.7	130	-160	2.48
-126	-221	-93.6	182	126
75.5	-294	17.9	-103	-39.1
-20.5	162	-130	-414	103
-121	73.8	-324	-188	-150
-2.69	-118	-42.7	-192	-409
-6.43	252	-220	-11.8	-117
32.5	-381	-251	-95.3	-82.4
-225	-30.8	-83.3	-65.4	-59.1
-107	148	29.6	-7.46	-198
141	-264	-216	-256	48.5
-161	31.4	-326	74.7	252
118	-147	-151	-31.2	-327
-332	-61.5	10.6	-86.3	-335
17.8	-37.7	-19.4	10.1	-67.7
-188	-196	194	-205	-213
28.7	-139	-216	-179	121
-274	-130	-113	31.9	-243
-1.5	216	-277	-221	-287
-321	-277	-257	29.9	-253
64.8	75.6	-14.8	-242	-334
-62.6	-123	34.7	-19.7	-197
-174	-155	193	-66.4	43.1
-27.7	-50.6	-246	-190	121
-186	115	-96.4	-180	-82.1
-193	-197	-298	-205	11.2
-197	-153	-159	127	162
-225	-138	220	-305	-189
123	-166	-278	-69	-5.05
55.5	22	-328	-148	-63.8
-278	115	86.8	-184	132
102	-204	140	-116	150
-68.4	-1.97	7.76	-172	153
-48.7	-62.7	60.2	108	-234
-16	-58.8	-167	-166	-300
-4.46	-313	-310	148	-8.55
-150	8.24	22.5	-157	102
-174	130	-215	-17	180
-137	4.4	-103	-83.7	20.1
-143	-253	9.94	-190	-64.2
-175	58.3	247	-279	-191
-109	-84.4	61.7	-132	42.6
-318	-158	-219	15.5	-65.3
74.6	-313	195	-12	56.6
-178	34.5	-138	-181	97
-161	-90.1	-25.5	-325	-200
-81.4	82.8	-192	-200	-169
-3.25	-151	-29.4	42.3	337
228	-253	111	-173	-284
-300	16.1	-111	103	-150
-219	-424	-350	262	-107
50.8	-44.4	-220	102	-339
-237	11.3	-273	-108	113
290	-74.4	84	-303	-244
87	-105	21.9	-153	-141
-324	-186	-460	-267	-32.3
75.8	10.1	-82.9	43.6	63
-440	40	-87.4	-476	-75.7
129	-121	-0.235	-2.49	44.9
-164	-66.2	-26.5	-10.1	-254
22.1	22	117	-60.7	10.5
76.8	-409	-126	-518	137
-77.2	-24.2	248	35.5	-151
26.6	20.9	-226	417	-264
-329	-115	30.9	-220	-344
-122	0.45	-69.4	128	-39
115	17.8	-170	45.8	-86.1
-174	-317	-509	-209	-118
-69.3	-80.1	103	-167	-482
-135	-35.5	-89.4	92.2	-100
-176	-147	17.9	165	-132
-184	126	-96.5	-140	-272
-141	-55.8	-396	-298	2.18
-108	-1.95	-158	14.2	128
-177	-299	-180	-112	-130
-25	-182	-0.809	-12	-289
-187	-269	-230	-98.4	-142
-134	40.2	22.2	-139	-123
-37.1	124	-74.8	168	-274
-229	-208	-13.6	-170	-118
-176	129	-24.6	-201	22.5
-2.57	-163	53.8	125	-209
-117	-39.2	34.6	-92.7	111
-119	9.17	-184	-151	-94.6
60.3	-397	8.04	17.4	-122
-152	-39.3	1.33	-106	160
-215	-109	49.1	89.6	-126
-145	1.12	-135	99	67.1
110	110	-299	75.9	189
114	-208	-50.4	107	-169
-122	-300	269	-135	-9.89
0.615	146	-12.6	-37.3	-49.5
-264	-39.4	-87.8	19.2	-388
317	-336	-331	14.5	11.8
-220	-143	-62.2	-114	93.7
72.2	-217	-107	47.5	-202
-48.6	186	-95.9	-66.8	-64.4
-168	-70.5	-89	-188	-116
-17.5	-234	107	-267	208
9.21	-252	-291	-125	-176
-328	-191	-33.5	94.8	121
-176	344	87.2	-389	11.5
-103	62.6	-199	57.6	-88.5
-202	-30.5	23.4	37.3	106
-96.7	-79.3	-134	-138	-16.5
214	63.5	-199	275	-74.2
125	-381	143	-99.9	62.9
5.7	152	-366	55.9	-243
-414	-212	144	95.9	-65
-253	207	-117	-384	-156
-91.9	-10.8	139	-305	-142
-421	-304	-131	-136	-87.8
-56.7	-183	-87.6	-163	111
280	13.7	-81.6	-35.9	-263
28.9	88.7	98.2	-171	281
108	-3.08	-191	90.8	-198
-247	-18.7	100	-157	-130
-62.6	-123	215	-124	-25.9
-34	6.28	-1.8	-90.9	157
20.6	-346	-42.6	-32.6	-149
-206	43.1	-123	-198	-147
-143	40.6	-157	85.4	-214
-196	33.1	-619	-25.2	-79.7
-189	53.4	56.5	-54.9	17.6
-90.2	51.4	65	-158	-11.2
-273	-193	-97.9	-163	-70.4
191	-244	-222	15.1	-149
57.4	-148	85.8	147	-319
-351	31.5	-350	-10.6	56.4
-138	-26.1	194	-25.5	-45.4
-80.7	-0.277	-215	-321	-303
67.6	45.6	-199	65	-102
120	-383	17	-116	50.8
26.1	44.3	206	218	-115
-6.72	-93	27.5	-172	64.3
-251	-139	13	-87.4	95.5
-176	321	24.4	-115	-208
-123	-436	-147	-309	-222
113	-232	-65.6	107	19
-359	97.3	-397	45.1	-145
-54.2	-148	-143	-187	69.8
-248	-202	-101	-79	-11.2
-30.6	49.8	-171	-64.5	-332
184	-35.1	54.4	161	45.8
-147	-52.8	10.3	-142	23.2
-42.8	-147	-308	60.3	-27
-498	-294	43.5	-278	-248
341	-264	-122	12	-268
-207	-167	119	78.5	-221
-352	31.4	20.1	-20.9	-124
276	105	-41.6	-163	95.9
-159	-143	-7.93	-113	81.2
-276	2.56	-332	-193	-218
-217	-137	139	-196	-113
-283	205	-245	-16.9	-69.5
-39.2	-196	3.1	-162	-234
41.3	45.7	-204	-113	-91.3
-90.1	-91.9	158	-138	-56.8
-57.3	54	-124	-78.6	-33.1
102	-110	-382	-205	-223
31.4	-155	152	-200	-339
-255	305	-76.2	-288	-91.5
-182	-310	-137	-279	99.6
139	214	-214	125	-252
-29.7	91	-209	-51.3	115
-186	-108	-96.6	-36.6	-221
-240	11.8	-145	24.8	-116
-75.5	113	210	-105	89.9
-164	-284	4.44	11.6	-354
-60	-65.6	-238	-116	-92.9
-22.2	-292	-38.7	-288	203
-131	-362	230	230	-37.4
-82.4	39	27.3	-440	-16.2
-40.4	-351	92.5	-336	-168
-505	-269	76.9	-0.407	-10.5
99.8	-33.8	-13.4	-103	15.4
-235	-99	-340	-193	88
89.8	-150	-98	-14.8	-316
-40.4	-271	60.1	5.88	77
-281	121	-42.1	-106	-337
-204	-129	-118	-289	-320
-133	-76.1	87	27.8	-382
-319	-303	-75.4	-152	-192
-368	94.7	-122	-173	-52
-203	-175	122	30.4	185
-5.74	-264	-131	-86.1	-38.8
-132	31.7	8.84	136	279
-51.6	-116	-3.23	-92.3	-183
194	-80.7	-72.6	-363	52.8
-74.2	-70.1	-387	-276	-49.8
9.08	-107	-124	-136	-78.1
143	-187	-41.1	-307	-4.73
-69.2	10.4	16.2	-131	-126
229	-427	-49.2	-320	61.8
-122	177	86.5	-117	-53.3
85.3	46.3	-163	108	-139
-30.4	-419	143	-155	91.6
-57.6	-207	-293	201	-157
-76.5	74.1	59.4	23.6	-158
-242	-60.6	-129	-270	-7.74
-245	87.5	-212	17.8	-92.4
18.4	164	-153	-29.9	-40
-51.6	106	-88.5	271	-245
6.39	-41.9	16.9	-537	85.6
-44.3	-355	-225	-319	260
-65.1	-6.19	91.7	-169	-65.8
-218	-43.8	82.6	-117	-50.9
112	-77.5	-242	-93.1	-175
-86.6	-99	-107	205	-164
129	37.7	219	-87.6	-49
27.9	-257	145	155	37.9
-190	-153	-204	126	-207
192	-67.5	-63.7	-2.24	20.3
-225	181	-40.2	-105	-156
170	-107	-149	202	-106
103	-120	19	-129	-71.7
-171	-285	23.9	-43.4	-84.7
-159	-266	-141	-229	75.8
-72.2	-167	-178	80.5	-15
88.2	-136	-9.94	16.1	-221
149	45.8	-101	10.6	-42.4
-42.7	319	36.1	-258	-3.46
136	-169	-90.6	2.94	208
-254	9.48	255	-101	5.59
81.7	-91.2	-108	-266	230
-150	120	-215	-28.1	-106
110	-302	42.4	-20.8	-213
-111	-183	-151	98.2	61.6
-211	-196	-69.3	-299	-378
-111	-76.6	57.9	-365	-148
82.3	-157	-360	97.8	-185
-188	38.8	-105	-199	-88.3
108	-174	-39	-77.8	-26
-113	-205	26.2	-296	8.03
-57.1	-109	43.3	-204	185
201	-170	-297	-187	-256
-14.9	9.29	-142	-372	51.5
-356	-211	-442	56.6	-54.3
-20.7	-61.8	-85	-444	7.82
203	-508	-46.6	131	-195
84.8	-321	-69	-182	181
-16.5	-180	-46	-132	-185
-292	-187	-139	63.4	-558
79.5	-386	131	135	-215
-19.2	-236	85.4	183	-94.4
-249	-121	-393	-48	-178
119	-134	-339	-200	-194
-75.9	-151	-170	-249	-340
64.1	-184	-85.9	16.2	14.7
-237	-275	-291	-256	-110
98.4	-256	-111	-40.4	-438
-245	-311	-168	283	154
-37	22.7	-277	-319	-14.8
-26.3	-162	-159	-59.9	-107
181	-50.9	-273	-226	127
-150	-51.3	99.4	-206	47.2
57.1	5.47	-121	-440	-384
-66	156	-236	-214	92.3
139	-64.1	-65.3	128	41.4
152	-242	-106	-175	-41.3
143	-144	-229	183	-198
-11.3	12.9	-144	14.9	-227
-91.4	-293	-75.9	-68.7	94.9
31	-144	273	-155	220
-45.5	-38	-525	-129	-99.9
204	120	-101	-47.8	-136
-106	-92	-73.8	5.01	90.2
-15.2	-151	305	-92.2	-103
100	130	54.2	-128	-186
-284	-138	-171	-191	-47
-257	-187	-128	-217	-405
216	-291	-100	116	-94
-212	197	-246	-125	128
-192	-75.2	-28.3	31.4	-174
-334	-75.3	121	-206	165
-188	-66.8	-80.3	-291	-138
-112	-248	101	-302	-276
-286	-199	-2.52	-225	48.8
-564	18.8	-277	-60.4	-16.4
-89.5	-148	115	-27.9	-126
-45.4	149	-57.3	-7.57	11.2
86.2	-264	-207	-12.3	-94.7
14.3	67.6	-271	-92.8	162
-118	-119	-113	-287	-193
-132	192	58.5	-43.8	-142
-184	-300	104	-0.968	120
330	-321	-70.8	-109	-331
-10.2	-211	30.8	-239	-250
-238	-189	-43.9	-138	8.14
-185	-314	-393	214	-282
-61.2	-114	-40.6	212	61.5
57.9	-163	152	49.7	-46.6
-5.6	95.6	-105	-66.8	350
77.3	-148	90.3	-70.2	-232
-279	-41	117	-202	202
1.27	161	-56	-39.3	-21.5
-128	-263	30.6	-198	-183
-275	98.2	-288	-138	-35.8
-242	-54.2	-138	93.5	-20.7
-23.3	11.7	154	109	29.7
-141	-84.1	146	-138	-55.2
-65.6	29.9	-159	0.885	-117
112	36.3	44.6	-72.3	84.1
93.1	-24.5	239	76	-65.1
-80.2	31.9	-39.8	-104	-31
-1.62	-0.215	20.2	-15.6	-125
-134	34.2	121	-312	192
-99.9	286	57	43.4	-83.9
-289	-172	-65	-270	-6.67
18.7	-39	-324	-245	-241
-250	95	90	-160	28.5
-89.2	-42.8	-313	33.1	60.7
-58.4	-164	-87.3	162	-202
168	-82	83.9	183	-99.4
-125	-66.3	-366	-149	31.7
57.7	-327	-76.8	38.3	56.5
242	-71.4	-54.9	-21.5	-56.9
24.9	-184	-111	-178	-109
-288	-43.7	-254	-82	103
9.9	10.7	83.3	34.5	-230
-281	148	-97.6	-295	-103
28.5	38.5	-377	46.8	74.3
22.5	-292	-260	203	-182
-77.5	-177	-35	-214	-177
-296	-137	-191	-126	428
-189	165	-131	77.1	254
-34.5	-113	24.7	-373	-96.7
-77.8	-250	-82.2	-346	-319
170	-128	18.6	-110	148
71.6	127	-199	9.88	-287
31.6	-140	-97.3	-40.4	-16.8
-119	-169	-72.2	-207	53.9
-413	145	61.6	-74.4	94.9
79.7	-354	-320	-312	-65.6
-191	92	-28.7	57.6	-323
179	-194	-58	-163	-259
99.3	114	-118	59.4	-190
238	72.4	-117	-50.8	191
-190	-83.5	-11.5	-279	-62.4
-142	-261	-161	208	-161
-90.3	-10.2	43.1	227	205
-25.5	-138	-22.5	162	30.3
-4.43	-149	126	-62.9	169
-124	55.7	-82	-65	31.2
-43.8	-170	-109	-85.2	105
182	1.61	0.419	-150	-217
-298	-311	-170	226	-60.5
-234	88.7	70	77.2	184
224	-384	-6.05	-244	-55.1
44.5	-318	77.2	173	-178
-198	-202	30.3	-273	16.1
25.5	-217	347	68.2	66
-145	-27.3	-312	-215	-48.7
-393	-361	-39.8	-334	-171
115	-170	-71.8	-205	-359
-125	-227	-132	-180	-64.6
-113	-98.6	-43	19.5	-22.8
-123	-323	-100	-143	-29.8
-127	-54.2	-15.9	-202	132
-9.92	-22	265	58	-161
-360	-136	-216	-20.8	45
-60.1	-274	-14.3	84.6	-32.8
-96.8	-202	-136	-40.5	-8.48
57.2	2.01	-74.7	35.6	-299
242	-89.8	-469	-26.8	-175
-103	-141	-107	272	-227
-36.1	-275	83	-272	-126
-78.4	139	119	-330	-131
-123	-238	-91.7	90.7	-148
26.8	63.8	-169	-122	-250
-143	-186	-130	-57.3	-141
18.9	-48.6	-26.7	-8.76	-143
-43.5	-273	-226	284	-239
-52.2	61.6	-61.2	-365	-201
-24.2	98.7	327	-197	-251
-86	146	-141	-112	-143
31.8	-201	-34.3	37.9	-132
-306	-92.9	317	16.6	-60.9
-179	-301	-243	-231	-361
-177	-75.2	62.5	-5.69	-269
94.9	-11.2	173	-398	16.5
-401	-35.6	-181	-348	-86.3
74	-129	-221	114	-149
-201	89.6	99.2	-27.3	17.2
-263	-422	-250	-280	62.5
34.4	-56	-164	324	-307
52	78.6	240	-99.2	-93.3
208	13.8	-190	-236	-260
99.2	-29.8	123	-269	5.18
-75.2	-26.9	202	-260	-11.3
-156	75.2	-136	-149	-28.3
-110	-278	-120	-64.9	-329
-173	-203	-130	227	-51
5.06	-142	14.5	123	-398
-245	-511	-155	-309	-130
32.8	-70.1	-52.1	-186	190
-282	-184	-25.9	-177	-164
-80.8	221	-205	-206	84.4
92.3	-47.9	-400	-127	-22.9
-429	-28.5	-481	-360	-190
251	138	19.5	-20	-139
-210	-135	-364	54.5	-153
-79	-54.9	-144	-7.94	-204
136	-232	-134	87.7	-116
-44.1	50.6	46.1	-32	115
56.6	49.5	154	-286	2.3
-241	180	-142	113	108
-179	-277	-61.6	-50.6	-109
-201	-77.3	16.6	7.35	76.3
236	-151	-95.3	-64.4	52.4
140	106	-113	112	78.5
-39	-132	99.5	-407	319
78.9	-149	-117	21.7	-101
65.6	-413	70.4	-98.6	15.1
-166	12.8	-200	-118	-200
-117	220	-29.7	404	-203
-217	-12.4	-20.1	-437	-348
-387	-153	14.9	107	39.7
-168	-165	187	-140	-22.1
-112	-378	27.6	-104	-17.8
237	-9.62	-76.4	-197	-179
-365	-282	-121	-167	-278
3.99	114	-245	6.61	-237
-150	-122	87	-306	-289
-185	-77.5	66.4	-278	112
218	-131	-138	-343	-113
-432	-356	82.6	-24.5	334
-206	-71.9	-3.04	-341	-42.9
-48.4	-270	-238	398	45.8
-93.2	102	-78.3	204	46.4
-222	5.9	-176	-34.2	-201
-58.8	-63.4	-333	94.5	222
-13.4	-251	-264	180	-436
47.1	-70.3	-17.1	-73.2	-256
47	-232	-20.5	120	-47.4
-155	-113	169	-209	89
-2.88	-152	129	-136	71.6
-174	-277	-424	167	18.6
