27.6	47.3	-17.5	-93.4	-57.8
-17.4	31.6	-9.1	-51.5	-1.81
-52.2	40.6	-22.3	-49.7	-32
-87.5	-15.2	19.7	-41.9	-21
60.1	-1.05	-26.5	-54.9	-35.2
-63.1	27.4	25.7	-23.3	-16.4
34.8	-59.4	14	-8.45	-15.5
-26.9	-18.9	-52.2	-4.66	-53.5
-39.1	-90.9	-11.8	0.566	27.6
-31	-6.94	-24	30.6	-43.7
24.3	49.8	33.5	-37.1	-48.6
-40.8	-36.7	-79.8	2.41	-37
-11.5	60	28.7	-7.28	-74.6
-12.7	-6.59	-19.2	17.8	-40.2
16.2	-36.5	-14.3	45.7	-17.3
14.5	-73.5	-6.51	-36.3	-87.3
9.86	3.83	9.67	-8.88	-28.7
-58.4	-16.7	50.1	-36.2	-82.5
36.6	-64.1	37.5	-18.4	-3.08
48.4	-6.78	-63.2	-73.2	7.05
5.52	0.966	3.93	-37.1	-38.2
31.2	12	-71.6	0.69	-11.9
-16.8	-27.2	-39.7	-109	-73.1
11.2	-89.8	-48.1	13.6	-44.8
12.9	-13.8	-72	29.6	17.4
-10.1	0.629	-22.8	-12.1	-1.84
-62.8	9.2	-49.4	-3.22	-45.4
-19.6	-51.9	36.4	-6.68	-58.2
22.2	-82.7	-55.9	-2.56	-45.8
-3.86	-13.1	57	-90.1	-78
23.2	-34.7	-141	-65.4	94.1
3.51	-73	15.5	-1.76	-16.4
34.9	-61.8	7.26	41.8	33.3
25.7	-15.2	-81.4	-56.7	-67.8
23	-47.7	-72.3	4.46	-47
20.3	3.19	-34.2	2.2	9.26
-8.36	29	-4.56	-70.2	43.6
-12.1	-18.7	3.36	-22	-83.5
-39.4	18.6	46	-11.9	-37.9
52.7	-68.3	37	9.12	-15.5
-24.9	-40.2	60.6	-54.1	-5.54
14	40.9	-21.6	37.9	-3.73
-73.3	30.9	-25.1	-103	-57.7
-46.1	-76.9	39.6	34.8	-27
34	-39.3	58.3	-30.8	35
7.88	-93.5	33.8	-24.6	-8.03
74.4	-40.9	-53.6	-92.7	-129
27.7	-35.4	-5.05	-11.6	13.5
61.7	-72.4	60.7	-29.3	-78.9
30.5	-28.8	-67.6	-0.959	-125
-66.6	-50.1	4.38	14.1	-97.1
25.8	-45.2	9.77	-43.3	-18.8
-33.2	-43.3	-12.3	15.7	-12.6
-33.3	-18.8	17.2	-57.2	63.4
-2.09	-133	-51.9	-84.6	1.38
-6.59	-5.14	-154	10.2	-44.9
22	70.7	-21.5	-63.1	-42
-66.6	-2.47	-75.7	-28.4	-15.1
0.333	-48.1	14.9	56.4	-8.26
22.9	-23.1	54.2	-31.9	-61.3
13	-21	4.18	19.7	6.33
16.1	-20.2	-2.21	-48.6	-33.6
37.5	-66.1	-6.69	2.21	-24.7
-70.5	-2.63	-43.2	41.9	-45.5
-2.07	-8.72	4.77	-32.6	-9.45
1.81	-96.8	-27.4	4.18	-78.8
-54.7	-40.4	37	-60.2	-88.3
-65.2	22.3	-29.1	75.8	-42.9
17	-25.2	-47.6	-123	-60.3
-62.6	-36.6	11.7	-17.4	72.8
-58	-3.99	24.8	-17.6	-19
-8.83	54.5	-10.4	-51.9	-17.9
-49.1	-54.4	-46.7	-59.4	-36.8
-71.6	-8.21	-15.4	54.1	-89.7
4.29	-27.7	16.5	35.5	-34.6
9.79	-0.552	17.2	-34.7	-2.94
-10.1	-5.06	-78.7	-69.6	-18.7
-8.45	-104	-64.1	-66.3	-9.06
-22.8	-6.54	-39	15	-41.1
39.9	-0.755	19.3	0.829	-0.215
-30.5	58.4	-9.17	-5.26	-31.2
-6.19	-57.1	-119	-27	-6.38
-7.8	-24.8	-12.1	-46.3	31.5
-33.5	-18.1	-2.86	-7.51	-11.1
-7.44	11.9	-38.3	-60.2	-46.3
-49.8	13.1	-49.2	23	-30.9
44.9	-95.1	-17.5	-11.7	28.1
-27.3	-15.3	50.5	25.1	-24.4
21	-14.4	-31	10.1	6.34
-40.6	30.3	-79.2	-66.6	4.41
46	26.8	-7.21	2.24	-64.5
-37.8	11.7	-5.94	12.1	5.6
8.68	-0.665	-39.9	-17.5	5.81
14.4	20.9	-0.338	-69.4	-6.48
-99.8	-62.6	-62.6	-48.5	32.7
-50.6	19.2	-75.1	-15.9	-62.2
21.9	-52.4	23.9	34.3	-14.5
-77.8	-24.8	-75.7	-104	0.592
-68	-28.6	36.4	-33.6	-49.2
-46.1	-123	-61.3	-59.2	-22.8
-53.5	-29.1	13	-43.8	37.6
55.6	-62.6	30.6	-116	-31.4
-8.72	-12.7	68.1	-19.6	26.8
-77.6	5.67	-69.7	-28	-43.9
-16.8	34.1	-59.3	-52.6	26.6
-49	4.32	-37.1	-108	-98
-51.1	25.8	-3.86	-50.8	-22.7
-10.4	-62.9	-50.5	-29.3	-0.8
58.8	-6.25	28.6	34.9	51.3
-65.6	-27.3	-52.6	-24.2	-9.65
-26.9	3.69	-30.8	-68.1	-1.99
-61.8	-75.4	5.57	-40.6	-21.8
43.7	-53.1	-69.2	-33.1	-66.7
-48.2	-10	36.7	-36.2	-80.4
-44.1	-44.6	-11.8	-29	-14.5
-28.3	-40.6	-38.2	5.62	12.3
-40.6	12.9	-8.53	8.19	1.09
-67.4	-69.8	21.4	4.63	-1.88
-49.8	21.7	77	-51.8	-11.5
0.674	-43.5	-42.2	54.3	0.186
-2.31	-36.3	-17.5	-57.8	2.45
-21.6	-28.3	-7	-9.44	-71.3
17.1	-70.1	3.63	-45.4	14.6
-20.6	-33	-10.9	-65.7	-88.2
30.5	84	5.1	-6.74	2.76
90.2	-22.1	24.8	-8.83	-3.12
-32.9	-9.24	-34.1	1.3	-24.8
-7.48	-59.1	-17	-23.2	-18.7
-8.2	22.8	-51.8	31.6	-24.4
-81.1	-57	-12.2	-80.2	-11.8
-13.9	-36.9	-100	-52.5	-66.2
-61.3	53	-6.37	-50.8	36.1
1.15	-72.1	-29.6	-48.5	8.62
55.2	-6.15	-27.6	-23.1	-30
-2.61	-85.3	-67.7	-30.1	-84.9
20.7	-13.5	-27.6	-33.5	-3.97
17.6	-33.6	-37.8	-17.3	-52.2
-44.3	-6.3	-6.43	-59.3	-44.6
-16.5	-96.7	26.3	-2.75	-61.6
-78.6	1.31	-102	9.52	-31.3
-5.83	-32.4	-35.2	-73.3	-1.3
-81	-1.24	-23.9	-4.24	-49.6
-63.3	-64.7	40.7	-59.3	-18.3
-66.4	-0.0692	-68.3	-24.9	-65.8
-29	-60.7	-2.35	-66	-98.7
-15.5	-15.3	-41	-45	-24.3
22.4	-58.1	-80.4	-114	-73.9
-32	-23.5	-32	3.77	17.6
-18.5	17	-36.7	-8.69	-25.5
-19.5	-45.5	-16.7	8.6	-1.53
34.4	-6.36	-55.9	-20	-19.8
-45	-30.6	-17.9	12.5	-15.8
-66.8	60.6	-10.6	-10.5	38.8
-33.8	33.2	-18.5	-67	-53.1
-2.06	74.9	-16.3	-48.7	-62.5
-92.5	-77.3	-39.7	20.2	-31.3
37.1	-33.8	7.75	-24.4	-20.7
6.8	-78.2	99	-14.7	-75.9
-28.9	7.87	28.8	-56.6	-90.8
-15.3	13.6	-18.8	-31.1	-6.61
20.4	-53.5	-32.7	-30.5	-57.3
12.1	-26.4	1.44	-29	-69.8
-62.6	-6.64	49.9	-0.98	-36.4
-42.5	-67.9	-21.9	19.1	-52.9
-9.35	44.6	-58.5	-66	-83.5
-64.5	-56	5.64	46.3	59.9
0.788	-17.4	18.9	20.9	-27
-5.44	-29.6	-32.6	-6.43	13.1
20.7	-30.7	-68	-7.61	10.8
7.06	6.32	19.9	-50.4	-43.1
-39.1	-0.607	-13.8	-34	7.52
-18.6	-62.5	35.5	15.6	-79.2
39.7	-40.4	35.8	26.4	-44
-12.8	-22.8	-51.4	21.8	-21.1
-39.5	-31.6	11	-30.3	-26
-16.3	30.5	29.5	37.9	-63.8
22.6	10.7	28	-8.49	-20.3
45.7	-56.8	-0.813	-84.8	3.76
-19.8	-64.5	-0.779	-79.1	-19.9
-52.9	-27	-16	24.3	54.4
20.3	8.02	-110	3.25	24.4
9.91	9.34	7.42	-5.85	-65.3
-53.5	-5.49	23.8	-1.58	14.8
-0.515	11.3	-79.8	13	-99.3
-3.96	-10.2	-25.3	57.6	-122
-38.6	-23.6	20.3	-23.6	6.75
-15.3	-111	-0.521	44.5	-75.9
16.1	-54.1	39.9	2.79	43.8
-36.1	-58.7	-92.4	-8.81	-4.07
-10.6	-34	-41.9	-29.6	-63.7
4.79	8.25	-52.5	-74.8	-35.8
27.1	-43.2	-42.1	56.2	-9.14
-27.7	-31.8	-26	40.1	-37.9
10.7	-6.55	67.9	-55.2	-78.4
-16.7	-86.8	29.4	-26.9	14.1
-36.4	-48.6	15	-37.7	-66.3
-79	0.181	-64.1	-13.5	-8.28
18.9	-37.2	-10.7	20.5	4.43
-22.4	27.7	-11.3	-64.1	-110
-69.8	-14.8	4.8	42.2	-42.9
-10.8	-80.3	10.7	-2.1	-55.2
-80.7	-24.4	24.7	-35.8	-89.1
43.9	-60.2	-12.7	-54.8	-75.9
26.8	-41.5	17	3.99	60.1
-46.4	-1.23	-28.6	37.9	9.63
-26.1	16.7	-22.3	-59.2	-2.45
2.9	-53.9	-73.1	-47.9	2.08
-33.5	4.06	11.5	0.0966	-61.4
46.2	-1.33	-20.9	-54.8	-60.2
-66.1	-2.31	-9.19	-7.78	-10.7
-66.4	1.41	12.6	-37.9	-24.2
-1.63	-23.2	-92	-130	-26
-79.4	-102	-42.8	-56.5	-15.5
85.9	-11.1	-30.2	33.7	-63.7
-68.2	-56.7	-101	-17.3	-66.6
86	-31.6	-92.9	-67.8	-24.1
55	-89.6	26.6	39.6	56.5
24.3	58.4	-32.5	-27	26.6
-62.3	17.2	-85.8	11.3	29.5
-76.9	19	-61.9	-95	-31.3
5.98	-71.6	-23.2	40.5	6.99
-62.8	-27.5	-31.5	-15.5	5.19
9.04	-13.8	-49.4	-33	-85.1
-39.6	10.5	-22.5	-86.4	57.2
12	-44.1	-64.9	-110	-42.5
14.5	-19.8	-56.2	-82	-41.5
55.5	-101	-60.6	-46.9	-14.9
6.58	-117	-47.9	76.8	-45.5
-65.8	-49.4	14.2	-13.2	11.7
-38.2	50.2	-29.1	-9.31	-36.8
-35.4	-9.91	-98.5	-91.2	-3.82
-46.5	-26.5	-56.2	12.2	-38.6
37.8	-21.7	-66.5	-51.3	-67.7
15.6	-62.4	-21.5	39.8	-74
15.2	13.3	2.26	-58.1	-64.5
-82.4	52.1	-36.2	-8.85	-53.4
-95.7	55.7	-14	-0.267	-72.7
-46.8	-120	1.84	-3.77	33.5
-21.1	-117	-78.1	-9.87	22
-28.5	-108	-42.9	-27.6	4.94
-81	-61.6	-58.2	25.7	-13
-37	-1.53	11.3	9.94	40.7
-35.9	-23.6	-12.4	-30	1.94
51.1	6.02	-62.9	-35.9	56.6
-54.5	-17.1	-94.2	-3.16	-69.9
38.1	-15	-21.2	-86.7	95.5
-12.6	-2.55	-12.1	-69.1	8.77
-24.1	-29.3	-4.45	63.5	3.78
-30.3	-2.16	-75.2	22.2	-55.8
53.8	-83.6	-41.9	-16.6	-22.9
-11.4	7.78	94.8	4.1	-14.4
-30.7	-118	29.4	-39.9	-71.3
-13.5	1.83	-57.2	1.78	6.84
-25.9	31.9	2.17	37.3	39.9
-17.9	-52.3	-7.49	-36	37.9
-21.7	-73.2	-51.2	-42	-23.3
-37.6	25.4	21.9	39.7	41.1
-8.79	-37.3	-61.8	-40.4	-10
-5.32	-17.3	-106	-99.6	-18.5
11.7	-25.1	-27.2	-101	48.7
-60.5	13.1	-110	20.9	8.37
-51.9	-3.54	-5.48	-4.99	-27.6
7.44	39.7	-90.9	-13.4	27.2
-7.94	-35.3	-28.8	2.52	12.4
4.44	25.6	-66.9	-65	-39.4
-39	-65.1	-19.4	-20.7	-84.8
-21.4	-1.8	44.9	2.61	39.8
9.08	-102	-60.6	-13.7	-12.2
3.29	-9.84	-31.8	-90	-70.6
54.7	17	42.8	-32.5	-2.13
-1.24	-64.5	7.23	-41.5	-17.6
-38.8	69.4	-15.9	-58.9	53.2
-55.6	7.65	22	-5.74	-85
-32.2	-17.1	36.4	1.64	-111
-116	-5.63	65	-11.2	-5.82
-64	77.5	-52.4	13.3	25
26.7	24	-74.8	-71.5	26.1
-63.8	-43.3	3.09	-15.7	-76.7
35.7	43.8	2.01	-24.4	-28.6
-39.4	-11.3	-60.3	-27.1	-9.97
-14.3	30.1	-76.6	-0.486	-16.1
-0.253	-83.6	-23.4	-48.5	-57.6
-18.4	-30.7	4.2	-7.49	-59.6
-50.2	-49.8	59.4	-58	-13
-22.5	-11.8	-12.8	-0.637	34.7
-43.6	-48	13.6	-23.1	33.1
-24.1	-26.2	16.3	-102	-43.6
-37.5	-34.4	33.8	5.89	57.6
57.5	7.98	14.6	18.9	-45.8
13.5	-71.5	54	-49.1	-71.6
5.41	-104	28.7	10.9	-69.8
-2.69	-12	-8.7	-44.5	16.9
16.9	-92.7	-13.9	-42.1	2.53
56.3	-5.97	-54.4	-9.99	-1.59
-11.4	-21.8	-70.5	-16.6	30.5
-70.4	-24.3	-27.2	-31.7	52.8
-51.6	-48.4	19.6	-89	-120
-19.3	-6.27	-112	-76.2	-58.1
-52.2	39.7	58.1	1.81	17.7
-53.3	3.78	103	-35.4	54.8
-29.4	-60	6.09	16.2	-114
-36.5	-55.9	0.775	-80	-16.5
-3.78	7.96	-30.6	-44.2	-67.5
-5.82	-41.7	-121	24.1	-64.2
-84.6	6.78	-57.9	-83.2	16.4
-88.3	-36.1	-71.2	4.51	15.1
-41.5	32.7	0.388	-40	-22.6
-8.85	-50.1	-18.8	-24.7	-5.09
-51.6	-18	-13.6	-38.1	53
-26.1	-46.6	60.5	-78.8	-22.5
-90.9	-32.8	-11	-32.5	-11.1
-31.5	0.594	15.4	-17.3	11.1
-76.4	-17.9	21.7	15.7	-18.4
-100	-5.61	-27.4	-40.8	-49.5
-72.1	-22	-47.6	-69.1	-3.28
-17.7	-14.6	-64.4	-8.15	-54.4
17.3	-78.6	-70.5	-29.1	-104
-35.4	-51	-62.5	15	14.6
48.5	-67.7	-25.6	19	6.29
-8.11	9.17	-74.1	-47	-10
-43.2	-16.9	-12	-39.5	23
-30.9	28.9	-54.3	-20.7	-54.3
5.98	-0.797	-21.3	-50.2	-10.8
-37.1	8.94	17.5	-41.6	25.9
13.8	-40.9	-132	-72.5	-34.2
13.7	-55.9	-3.13	28	67.4
-58.6	-33.8	-54.8	-41.3	-23.3
37.5	-60.7	-13.9	-91.6	-77.5
22.3	-53.6	-44.3	-9.33	14.9
-68	-38.2	-51.6	-3.88	9.23
-23.7	-54	-18.7	-28.6	-73.2
3.37	-35.5	-81.3	-16.6	-10.8
34.1	-46.2	-12.2	-18.6	-26.2
-23.2	-12.4	-21.1	10.3	-12.2
4.54	80	-2.99	36.9	32.8
-13	-54.4	-38.7	-20.4	0.788
-53	62.9	-27.8	-111	12.1
-23.8	-75.4	-58	-118	-19.7
51.1	-18.8	27.9	-2.27	-28.5
-19.4	-42.7	-53.6	11.7	-28.2
9.7	14.4	6.38	-6.87	-57
-33.4	-19.4	-3.82	-46.6	-43.8
-47.4	12	12.7	36.2	-47.9
-3.52	-50.7	-94.6	57.2	-23.8
-71.3	-72.4	41.4	-92.8	-20
30.3	1.81	-63.3	3.47	-59.2
30.3	-24.3	25.5	-9.6	45.6
39.7	10.9	41.9	-26.8	-72.1
36.2	-1.49	-26.3	-8.93	-42.2
-46.9	-22.5	0.339	-102	-37
66	-17.5	33.5	2.63	-26
-22.3	-35.8	-45.5	-40.8	-52.3
22.8	-12.8	-22.6	-67.1	-11.2
-15.7	-50.6	-102	19.2	-26.4
28.3	67.3	-36.6	-13.9	-48.5
6.75	-34.6	-10.7	-2.89	18.9
-36.7	-58.1	-9.73	-5.7	-19.4
-39.1	-60.5	8.47	-30.8	-58.5
-14.3	-88.1	-72.9	3.69	-69.4
-6.84	-35.7	-22.3	-25.8	-35.6
-93.9	-68.4	-22.6	-48.6	3.68
4.32	-2.34	16.7	-76.9	17.8
-29	21.1	-11.7	-64.1	-37.1
-55.4	-45.3	-92.7	43.2	-59.1
-54	43	12.8	-62.2	-65.3
-45	-70.2	-14.2	-11.7	-18.7
-67.2	-11.9	-51.6	29.9	-0.436
-73.3	-1.43	-49.3	-55.2	-9.58
-72.4	-108	-6.7	-62.7	63.7
-51.8	-87.9	34.5	-38.2	-27.4
-19	-35.7	0.172	-88.8	-57.6
-16.2	-33.7	42.8	-21.9	-41.6
-74	-48.9	-11.1	-105	-45.4
16.3	62.4	-53.4	-56.2	-28.9
2.49	-64.1	-21.3	16	-18
-18.9	-59.2	-8.69	23.3	13.6
-17	1.83	-11.8	-98.1	32.7
-12.9	11	-79.8	57.3	19.9
24.2	-63.9	-76.9	32.5	-101
11.9	-33.5	-3.12	-31.9	-53.4
-33	7.65	-36.8	-18.9	-117
-9.79	-31.9	-28.4	-43.2	6.69
-3.13	7.72	-25.2	-98.2	8.92
-3.64	-24	22.4	0.425	28.2
-0.623	-93.2	4.88	-63.3	-94.5
-38.1	-60	-82.7	15.2	-21.6
-54.2	-42.2	-38.8	-35.1	-55.4
-1.4	23.1	27.1	-132	-61.4
-29.8	-21.3	-29	27.8	-51
9.29	-9.46	10.4	0.0182	27.5
2.68	-64	-0.131	-5.74	20.4
-61.8	38.7	-40.7	6.08	-54.7
-100	10.6	-13.9	-2.62	18.7
15	27.3	-39.4	-28.2	37.7
1.39	-10.7	-41.9	51.3	44.3
-78.7	-30.5	-32.4	1.14	-51.8
29.5	-15	-59.2	-28.3	-74.9
-29	-42.7	-67	-29.4	-70.2
-23.3	-47.5	-54.8	-86.1	-96.3
23.3	-86.4	-23.4	-5.11	-75.2
0.85	39.4	48.6	15.8	-19.7
-21.4	-72.5	16.1	-46.3	-1.63
-9.43	-29.5	-48	-15.6	-62.1
-50.3	6.13	52.6	45.2	-90.3
-63.9	4.04	4.27	-20.7	-39.3
-1.77	-21.7	-24.3	4.46	6.03
-8.5	7.44	19	-56.7	-35.4
-29.2	31.6	-32.8	-3.44	-57.3
-56	-28.9	3.79	-33.5	0.0922
13.7	36.4	-34	-109	-72
-16.2	43.9	-92.1	-19.7	-68.1
-85.8	-52.8	45.7	4.78	-38.3
-36.2	-7.34	-79.2	-11	9.71
15.2	-19.9	-69.4	-29.8	-29.9
-26.4	0.489	-25	19.9	21.3
14.6	-6.88	-75.5	-48.9	7.18
-96.4	-13.7	-7.54	-9	-22.1
12.6	16.6	17	-32.7	-18
-52.5	1.44	-66.7	-23.7	41.2
30.3	14.7	53.3	-97	-17
-60.1	-58.2	19.9	19.7	37.9
-85.6	-20.1	-73.2	9.49	2.47
-48.7	-53.1	-42.2	2.5	17.8
-29.3	-24.3	-49.2	63.4	30.4
4.18	-49.4	4.74	84.2	-24.3
-28.6	-23.6	-75.6	-58.9	12.7
-83.7	12.4	-51.8	-111	-22.2
-6.6	-21.4	-45.2	12.2	18.9
-4.46	-17	22.6	-15.5	-56.1
27.2	-14	-15.2	-68.8	-33.2
-65.8	-21.8	1.11	-75.7	-4.24
-11.5	-28.4	-30.3	18.6	12.7
20.3	-25.5	-33.4	68.5	4.43
-9.81	-53.6	-29.6	-9.53	-86
30.7	10.4	-24.4	-9.89	7.32
-28.8	-47.2	-16.8	-22	-32.9
14.5	-40.5	7.54	-27.1	56
-60.5	24.6	-7.27	-26.6	-24.1
-24.8	-76.9	59	64.8	-91.1
-22.8	0.585	23.8	-64.1	-33.5
-5.68	-17.6	-15.8	-69.4	-33.3
-27.1	-40.2	1.75	34.5	4.9
-99.1	68.6	-7.3	-24.7	15.7
5.1	-23.7	-2.28	17	-15.6
-5.12	-57.3	-60	-42.2	-47.8
-23	35.5	-74.3	-14	-50.8
-71.7	-36	-15.4	-4.7	66
42.9	2.68	-47.2	-88.6	-93.9
55.3	-30.3	-12.8	-74.4	-5.53
-121	-45.6	-111	45.8	-6.01
-21.8	12	23.4	36.5	-60.1
16	-50.5	-42.2	41	-98.5
58.8	-31.2	26.4	-35.3	-51
6.29	-30.1	-45.5	-38.5	-19.7
9.53	-39	-62	39.6	68.8
-3.09	33.9	28.2	-60.7	-31.3
-13.5	6.63	72.5	-30.2	-16.1
-75.1	34.9	-0.0513	-28.2	29.8
-15	-11.8	47.4	-28.4	-51.3
-19.9	39.7	-32.1	-46.8	-34.8
-26.3	-6.9	-33.3	61.9	11.9
-30.4	-8.26	-26.9	26.3	8.95
-55.2	-10.2	-19.7	42.7	-23.3
-8.2	-24	-40.9	-62	-28.4
-21	8.03	-70	19.6	-52.7
65.5	76	23.5	-42	1.87
-17.6	-35.6	-34.9	-18.6	-56
2.8	-14.1	5.73	-65	-49.8
-0.664	-27.2	-48.4	65.9	73.4
-23.1	-13.6	-45.9	23.8	-27.4
19.4	75.7	-27.3	-55.3	-20
-46.1	16	-7.71	14.9	-52.5
-3.64	-23.9	-15.7	-16.9	-19.2
-42.1	23.4	-51.3	-36.6	-76.3
-10.9	-22	-26.8	-24.5	-103
-49.2	-55.6	-22.6	-32.6	24.1
0.812	-3.53	-33.4	54.8	16.2
-40.4	-56.5	-62.1	-44.1	-13.5
-129	-13.3	-103	-24.2	-24.8
-54.4	15.1	40.4	42	-18.9
-4.78	-30.9	-53.9	31.5	-43.8
60.2	-19.5	69.3	-12.6	-58.6
41.3	-4.53	46.5	39.1	-85.5
-36.4	50.9	-87.1	-48.3	-47.8
-20.4	-65.9	-72.5	-61.4	25.1
-56.3	-60.3	-22.4	26.5	-64.2
-42.2	9.12	-33.8	8.25	-31.7
-18.9	-120	17.7	14	-4.48
-67	63.8	-38.8	-100	-2.34
-22	-59.2	-14.6	-49.2	22.8
-57.4	-38.7	-15.1	-102	-9.01
-86.6	-63.4	18.4	-5.29	55.5
-44.2	-40.4	11.8	-12.4	-0.204
-15.9	-67.3	2	-17.1	-17.3
-6.19	14	16.6	-60.6	-40.8
41.7	-88.1	6.86	7.81	49
-39.9	-12.4	-14.5	56.7	-13.5
17.7	-66.5	-25	-98.6	-32.9
-19.8	-8.3	-76.6	-4.94	-5.62
-46.5	-101	56.6	-12.3	-62.4
-42.4	7.11	30.5	4.42	92.3
-12.9	-12.4	-87.2	29.3	-27.3
-14.4	-73.4	-19.8	-3.12	46.4
-58.1	-29.8	57	14.5	1.96
1.31	-91.4	34.5	-31.6	15.8
-2.42	-38.2	-58.2	-18.2	-45.5
-37.2	0.996	2.88	23.6	-41.9
-42.1	-68	-38.6	9.71	-48.4
-82.2	-59.9	-51.9	58.7	-29
6.02	49.2	-36.2	-88	-29.8
-21.2	-22.7	-28.5	-24.6	-7.22
-13.4	-53	-87.2	-10.4	-52.1
-79.7	-0.6	15.7	-41.1	11
-39.8	-54.1	1.83	-53.3	-33
2.53	-57.5	-42.6	-25.1	18.5
-47.2	31.2	-47.2	12.7	-24.6
-54.6	-25.9	-65.2	-39.1	-107
-89.4	-43.7	-17.4	-62.1	-57.4
-36.4	38	6.02	24.9	-41.3
59.2	25.5	-59.4	-56.2	-20.6
35.6	-13	-46.2	-34.6	4.39
1.47	7.9	-22.7	-44	-47.6
-91.1	-58.6	-15.5	-20.9	18.9
-50	0.381	-41.5	-21	-47
-18	1.85	-70.9	-28.2	-48.6
-76.6	-48.8	-47.8	39.6	19
-138	97.2	31.9	-25.7	-21.3
-13.9	50.5	37.9	-47.3	-44.7
-41.9	-29.9	-38.4	63.5	-15.1
-52.4	-50.5	-0.298	-38.2	-88.4
22.5	3.1	-62.8	-30.1	-69.6
-18.4	-13.1	51.3	-11.1	-32.9
-45.4	-45	-46.1	-58.4	9.59
-33.7	16.8	3.01	-73.5	1.05
-29.5	-17.5	20.7	-69.4	-38
47.3	1.91	14.9	-71.3	7.24
5.08	3.73	-65.1	40.3	-108
-31.3	-18	-21.2	-40.7	-29.5
-38.9	-27.2	-22.1	-39.3	-33
-20.9	29.8	-26.2	45.7	-3.64
41	-55.7	-34.1	20.8	-18.2
-64.4	-15.5	7.43	-78.4	-53.6
-8.41	-53.7	-2.2	-138	-96.6
-40.7	7.69	-105	-13.2	-39.6
-39.2	-36.9	9.58	-51.9	-53.5
-69	-23.5	-20.8	-59.4	59.6
-11.4	-9.05	-10.9	-31.3	24.2
-47.2	-50.5	-32.3	26.3	-54.7
-18.8	-28.7	21.3	-95	-37.7
-2.19	-5.65	-20.4	-25.2	75.4
10.3	17.6	-27.2	-17	-94.9
-60	-47.5	-21.2	-28.2	-79.8
8.28	2.29	-10.2	-33.9	-6.78
-86.6	-26.1	-60.8	-32.1	42.2
14.9	29.5	-42.1	-23.5	8.6
-34.7	-0.713	49.8	45.1	-1.98
-14.2	16.9	-37.9	-16.5	-29.9
-75.1	2.11	17.3	-52.6	-32.9
-3.49	-89	26.3	-54.1	7.28
41.4	-46.4	-72.5	-74	10
32.3	-52	44.2	70.9	-9.27
48	-83.5	-40.8	58	-24.8
-39.9	-40.3	-91.2	-46.8	40.4
-53.9	51	19.5	0.546	-26.3
37.9	-19.9	-53.5	-56.1	24.4
31.4	16.8	73.3	-61.9	8.99
-46.9	-17.8	-75.2	4.77	59.2
-16	47.6	34.2	-26.1	-23
0.952	18.9	-72.6	-37.4	-36.7
-1.57	-54	18.7	-30.1	-7.36
-6.39	-43	-33.9	2.13	24.4
1.89	10.6	-58.7	30.3	-74.6
11.7	26.1	21.5	-61.5	2.21
43.4	-41.1	-14.6	-20.2	-39.4
-36.5	-57.9	-116	-76.7	-57
-41.6	-16.6	0.363	-7.63	7.2
-2.22	42.6	-0.403	0.0193	-32
58.5	3.81	-22.4	75.5	28.6
-36.7	-37.9	-37	-127	-61.4
-52	-46.4	-31	-57.4	62.8
17.4	-57.5	-35.6	13.8	-118
-15.8	0.224	-116	-65.4	64.2
-9.15	7.34	-23.8	-20.3	-36.9
-8.94	-67	17	-46.5	-9.53
-84.1	-4.59	-11.5	14.7	3.14
-2.34	-1.85	-55.1	-38.6	24.6
15.3	27.2	12	44.2	-45
-94.3	-13.2	-47	-50.1	-3.99
-31.4	-37.3	-35.6	16.3	-106
-28.8	-42.7	-30.8	23.2	-6.31
18.7	30.4	48.9	-12.2	9.55
-54.3	-17.1	-22.3	-45.5	11.2
21.9	98	23.4	-1.31	-93.8
-18.5	-9.37	23.4	-33.4	-0.0514
-18	1.13	-3.01	-28.6	-28.7
-52.3	-40.4	10.3	-66.9	-14.3
-18.9	17.9	-45	-60.6	-52.4
-37.2	-12.9	-87.4	-15.9	71.1
-61.2	67.5	-51.9	-75.8	-29.1
16.5	-51.5	-33.7	4.13	-43.3
-52.4	7.02	-21.4	8.27	-0.33
-8.98	-12.9	-106	59.1	-43.4
-56.8	-1.41	-1.74	-45.8	24.3
-13.8	-91.1	-42.3	-4.25	-17.2
-8.93	-28.2	-69.3	34.3	-62.8
-6.35	-10.7	-27.1	-72.1	-23.3
9.49	-18	-72.9	-17.7	-16.2
0.457	16.8	-58.3	42.7	-24.1
-39.1	-17.9	-31.2	71.8	-22.1
29.8	24.5	-63.9	-77.5	-7.13
5.52	4.17	49.2	-98.3	-14.1
16.6	-23.4	-20.5	27.5	-50.6
-33.8	-86.6	-28.6	30.6	12.9
29.9	-18	-26.2	-88.9	11.1
-79.6	-12.9	-64	2.9	-61.5
-25.4	-126	-25.9	-45.1	16
-44.5	5.46	1.29	-39.2	-73.8
-27.7	7.73	-55.2	64.1	23.6
-44.3	-57	57.2	0.887	-9.58
-64	10.9	-36.4	3.94	-39.8
21.3	-5.47	-58.3	-19.3	-65.6
-48	-16.9	25.5	50.6	-42.9
-50.5	14.5	-25.4	44.4	-23.7
-15.6	-14.7	-11.9	-100	13.3
-6.24	17.9	12.7	-13.6	-32.3
70	-40.3	-26	-41.9	73.8
17.4	13	33.8	-30.4	-64
-58.7	-67.4	-63.5	3.87	24.5
-23.5	-38.2	-11.5	35.6	-40.6
26.2	-65.8	-29.3	-40.4	-61
-2.1	-6.08	-24	5.76	66.3
-9.15	-33.3	26.2	-12.2	-21.3
-50.1	63.4	8.27	13	-62.8
-15.3	34.6	-37.5	1.7	-63.9
21.8	0.903	-61.4	-91.1	27.1
-22.6	4.57	-92.3	-35.8	-40.8
-5.58	13.7	-55.8	46.3	54.9
-90	3.89	-67.6	-65.1	-5.26
-37.3	-63.8	-33	-47.9	-24.2
-35	-4.28	42.1	-47.6	23.7
-23.1	-25.7	35	-24.9	-13.2
-40	-35.7	6.43	3.72	31.4
19.6	0.484	-11.4	5.05	62
-48	-79.3	-31.1	-18.7	8.88
-36.2	-46.9	-23.3	-45.9	-70.9
-9.05	-55.4	4.88	27.3	-4.38
-43.8	-112	-67.8	-34.1	54
-48.9	-0.203	15.5	-31.6	9.5
-135	-32.5	-20.9	-36.9	66.9
-12.3	16.1	7.48	-17.8	4.98
-10.3	-43.5	26.6	-6.77	33.6
12.4	26.4	-14.5	-28.8	-68
31.7	-65.4	-74.7	3.13	60.1
-47.5	-42.3	-61.4	-56	40
-48.9	-47.1	-8.91	23.2	-35.8
-67.6	-27.3	53	-21.6	-48.9
-9.2	-76.5	18.5	-41	11
-41.4	-31.2	-44	-42.5	-24.1
18	72	6.42	-50.1	-32.2
-79.5	-18.5	-46.5	-23.2	-72.4
16.3	-8.01	-75.1	7.3	-21.8
42.8	15.3	-9.28	-10.8	-16.6
23.6	18.7	7.88	-40.4	-6.16
-16.7	-119	-24.5	3.4	-7.56
-41.1	-30.9	0.625	33	-12.3
22.3	-21.5	22.5	-19.4	-22.7
-37	7.69	-52.4	-20.5	48.9
-71.8	-84.8	39.4	5.77	-42.6
36.1	-36.1	-9.8	-46.9	-31
-46.1	2.66	65.1	16.1	5.5
-65	43.5	-68.6	-51.2	54.7
0.49	-23	-53.4	-29.6	-91.7
16.4	-32.9	-52.4	-26	-1.96
-20.6	-55.5	14.5	-37.9	27.3
-55.2	-2.09	-32.8	-34.8	33.3
-21	-33.3	-16.3	-51.9	-26.6
-20.6	-38.3	-13.9	-4.76	-39.2
-61.1	-30.7	113	-36	-59.1
-90	-8.84	-38.2	27.6	-13.3
34	-3.77	-34	-65.4	-44.3
-5.2	66.4	-74.4	-11.9	-46.3
-12.3	-3.79	-2.24	-2.58	6.65
22.2	-22.3	30.4	14.4	-14.1
-59.1	29.4	-61.2	-26.8	-27.4
36.2	4.71	-57.1	-84.1	16.4
-61.4	6.11	-63.6	-122	-10.8
-51.5	-28.3	30	-121	-55.8
21.3	-11.3	-33.1	-21.5	-58.3
-43.6	-30.9	42.7	-28.2	85.8
11.4	-57.2	-9.76	-7.87	-68.7
-44.5	-20.5	-10.2	2.81	-80.8
-12.2	15.3	2.35	23.3	0.568
14.6	-47.9	-66.9	-44.9	-2.22
-52.3	47.2	18.7	-60	-6.83
60.8	53.2	-21.3	17.6	-51.6
-58.4	-19.8	13.5	-58.8	-37.6
-89.8	-24.7	39.3	-79.5	-50.6
-32	-8.11	-0.114	-56.6	13.3
-68.8	-65.4	-76.1	-17.5	-22.5
10.6	55.1	-50.6	-1.86	32.2
-33.9	19.1	36.2	-37.8	7.82
-2.16	-71.7	-11	14.3	-113
-22.7	-6.92	-3.88	5.24	-50.5
-10.3	15.6	26.7	-52.1	-22.4
-13	-41.8	27.7	-70.5	-18
-29.9	-31.6	-85.6	-51.2	-50.8
-29	44.4	7.61	-16.8	-32.1
-27.2	-40.7	-24.1	-12.5	-2.01
-57.3	-6.84	9.13	-69.8	36.5
-50.7	-77.5	25.1	-34	-31.5
49.9	53.7	-3.03	-38.8	-52.9
56.6	-12.9	-6.3	-68.2	-82.3
-18.5	2.89	4.47	-94.3	-93.8
-60.3	-62.3	-17.2	-70.4	-39.2
4.39	-34.2	-26.2	62.1	-34.2
-10.7	-90.6	-3.12	-80.8	11.9
-64.8	10.2	42.6	-4.31	33
42.8	-51.6	-16	-4.87	-32
-23	-87.4	-74.6	-66.9	40.7
-87.3	-67.6	-23.8	-25.9	-31.9
-34.5	56.1	-2.34	-63.8	-36
-22.3	-2.69	-22.1	-66.4	-11.5
-67.2	-5.32	-50.2	-32.9	-71.8
-38.6	-17	-29.4	-68.1	34.9
33.8	-34.1	2.9	-2.75	-4.46
-26.1	-36.3	0.791	-61.1	-15.8
3.26	-16	17.4	-78.6	-1.38
-45.1	-11.1	7.97	25	8.23
-6.1	-0.348	-66.9	-4.21	-65.7
-0.7	-5.37	13.6	29.5	-20.6
4.27	2.56	-30.4	-6.51	-57.3
-21.7	-54.3	-11.5	-68.7	34.7
-26.8	-74.8	-14.3	7.62	-72.5
31.9	-34.3	42.6	61.7	-60.9
-14.5	-106	-55.6	-50.9	-32.4
-7.35	52.9	-53.8	-27.1	-56.4
-20.1	14.9	7.29	-9.19	-66.1
-21.8	-43.4	-110	41.9	21.4
-3.18	-24.4	20.5	-7.64	30.1
-23.9	-27.2	-78.1	25.8	12.7
-25.3	-63.4	-58	-65.1	-23.6
-60.3	-16.3	26.5	53.7	34.4
-15.6	-27.9	-22	-9.09	-60.5
23.7	-59.2	-125	-84.9	38
-17.2	10.8	15.2	-71.2	5.63
-41.7	-99.3	-30.1	18.4	-85.3
-24	19.2	-13.2	-108	-47.1
30.2	-14.4	-59	12.9	-42.3
-68.2	-117	-41.7	-0.866	-90.8
-2.36	-7.78	-51.9	8.78	-4.05
-36	-20.9	-46.6	29.2	7.92
-63.2	-3.38	-8.52	-15.3	-41.1
-17.3	-20	-48.3	-77.1	61.5
-35	-27.3	-35.8	-13	-60.5
-43.8	-27.3	31.4	-56.2	-54.5
12	-82.5	-14.4	-15.6	-2.45
-83.2	-5.14	28.8	-32	-20.3
-20	25.5	-24.8	-8.42	22.9
-56.5	6.06	-88	43.3	-107
-68.3	-28.4	51.7	61.2	-1.59
-19.2	-18	-44.8	35.9	-42.7
-3.29	8.32	-27.5	-19	-74.3
-28	22.9	-5.47	24.6	-20.4
36.5	-6.39	-26.4	-63.9	-1.09
-46.9	-45.4	-50.3	5.09	10.9
69.4	-31	-11.9	-39.4	-14.8
-39	49.3	-52.6	-56.7	32.9
5.26	-13.8	-27.8	-26.1	-5.53
16.8	-26	-13.6	-13.2	40.8
-30	-54	-26.5	-36.6	-37.6
53.2	-67.3	-44.4	-59	-57.3
-4.81	-37.2	-28.5	-34.7	-9.63
-5.51	-46.1	-19.2	-23.8	-67.5
42.4	-45.1	-41.5	-16.9	-22.9
-29.5	-52.5	24.1	-93.9	-33.9
-76.1	-5.43	-16.6	-99	-65.4
-53.1	4.53	-59.7	-66.1	49.7
-41.9	-34.1	-56.7	29.1	20.8
-25	32.2	-29.1	46	-13
0.481	-57.8	-9.01	-93.8	-28.2
-60.9	48.1	-83.2	-1.76	-9.09
-19.4	4.62	6.99	-18.2	2.02
49.5	-73.3	-41.7	-23.6	-42.3
54.8	-9.82	48.5	-69.2	-42.9
-68.5	-96.1	41.5	2.43	18.8
-44.3	33.3	29.1	-38.5	34.5
1.19	12.6	-29.6	-68.2	-29.4
-63.4	-52.3	-108	-15.9	-37.4
29.9	74.4	-33.2	-2.88	-13.1
-25.5	-10.2	-66.8	-61.4	-136
-22.7	-64.3	-50.3	7.29	-65.2
-97.2	39.7	-68.3	-74.1	-41.3
33.7	13.5	-10.4	-10.8	-3.72
-76.5	-40.5	2.01	27.4	-12.7
20.9	49.9	19.8	37.1	37.2
35.6	-58.4	-8.6	21.5	-8.47
3.13	-59.6	-48.6	-4.63	-36.5
-69.9	22.5	-48.5	-10.5	30.3
-14.9	-35.4	-8.01	14.3	0.46
-22.6	-22	7.69	-32.1	-87.3
-20.2	-32.1	13.3	-22	-49.9
-4.06	-18.9	-1.55	-46.2	-2.48
0.0537	-20.5	-1.61	-27.4	-12.4
-42.2	3.21	33.3	11.4	-90.9
74.2	-17.9	7.11	40	-114
-24	-58.4	-0.905	-48.1	-69
-42.3	23.3	-46.8	-97.8	-17.7
-46.9	12	-33.4	-35.4	-33.6
-42.4	-63.8	12.5	-102	-73.2
-68.5	-16.8	-57.9	-54.6	26
13.6	31	-43.1	21	17.4
-25.3	-23.8	-68.2	-64.1	-12.4
0.92	43.4	-82	-14.2	76.8
-83.4	-62.1	-9.95	-92.9	1.05
-14.9	-67	-25.2	-14	-17.1
-38.7	62.8	-56.9	-46.2	43.1
-31	-79.5	-124	10.8	84.9
21.2	64.8	-45	-43.8	-11.2
-18	1.32	-53.4	7.29	25.2
22.5	-8.57	35.8	-16.5	12.1
-33.9	-8.44	12.9	-33.7	11.2
0.112	43.7	41.8	-32.2	-37.1
-34.6	5.68	23.4	-21.8	-83.9
0.205	-35.2	8.21	-34.6	-35.9
-89.9	-53.6	-18.7	13.6	-33.1
34.5	-19.3	22.9	-87.9	15.4
-109	37.6	-33.4	-42.3	25.2
-1.79	-85.6	22.2	6.58	-33.7
-61.6	-101	-40.9	33	26.7
-8.76	-42.5	-8.13	-63.7	-65.2
30.2	-3.78	-40.1	-18.9	-0.551
-25.5	20.9	-29.3	-106	-56.2
25.6	-32.4	-43.3	-99.7	-19.3
-19.3	-17.3	-16.9	-71	-16.8
-51.6	-43.6	14.1	5.31	6.64
-52.2	19.8	-25.5	-15	-35.6
14.9	-57.1	-44.6	-1.43	15.8
-6.18	28.1	-38.6	15.1	-58.4
-89.9	-25.8	48.2	-107	-65.1
7.39	-47.7	-117	-6.56	-16.8
18.7	-40.3	5.07	19.6	-34.9
3.25	18.2	-4.35	-47.6	-30.8
16.8	16.6	2.92	10.6	-12.3
-115	46	2.16	-91.9	33.9
-20.1	73	44.2	5.81	39.5
-22.7	-82.3	-15.4	45.6	-63.8
-14.4	-49.3	15.4	-71	21
-16.2	-16.7	-45.4	66.9	-44.1
11.6	-74.9	38.4	-7.29	-105
2.94	19.8	-22.7	3.05	-6.74
7.24	25.2	-47.4	-46	-24.9
13.3	2.42	-14.3	-35.6	-101
41.9	-29.4	-25.5	-30.6	-56.3
32.1	-22.2	-22.5	-6.68	-79.7
-53.4	28.1	-28.7	-43	-2.08
-11.5	-20.2	-37	-42.8	3.61
62.8	35.9	-26.1	6.73	-73.9
-32.3	-74.5	73.2	7.85	-34.7
-15.1	20.8	74.2	-9.84	-34.9
-31.1	19.2	-63.7	-19.2	-57.3
-14.7	-11.7	2.66	-30.6	-17
-41.7	-68.1	-31.6	-48.1	-27.2
-98.3	5.7	-12	46.5	-10.7
-8.41	-27.8	52.7	-40.8	2.42
-16.5	-28	30.9	-29.6	-23.4
11.8	-99.9	-92.3	28.1	-61.2
-19.8	-27.7	-43.3	-23.1	10
-2.12	-36.4	-46.6	12.9	23.5
-1.46	-7.5	-34	-26.4	43.2
-20.8	-30.1	-54.9	19.4	-68.3
26.4	69.9	20.1	36.7	-53.2
-58.5	-49.1	14.7	-66.9	-85.5
-14.2	-60.4	-27.1	18.7	24
-46.5	27.2	-10.9	-39.3	9.79
-7.84	66.6	-41	-7.34	61.9
-14.2	14.5	22.5	5.86	-5.32
29.2	-134	-38.4	-8.49	-86.5
-39.3	22.1	-37.3	11.4	-60.9
-50.2	2.06	-113	2.48	14.6
-37	-31.8	-77.6	-74.9	-0.352
-56.2	-21.9	-6.35	-37.7	-6.01
13.8	82.2	36.4	22	3.04
15.8	-45.4	-84.2	-27.2	-59.9
-53.4	23.3	-5.26	25	-10.6
-14	17.8	-38.7	24.8	-26
-83.4	-32.2	51.2	-44	85.5
-23	-82.8	-25.5	6.49	11.8
-132	0.655	-6.36	-7.23	-23.6
-46.1	-123	-39.4	-52	-61.2
17.2	-88.8	-37.8	-27.5	-47.9
-2.54	-49.7	8.22	-77.1	-32.6
20.6	-20.9	-29.3	34.7	-49.8
-11.9	-53	-33.8	-63.4	-44.5
-23.9	-90.9	2.19	-55.1	54.6
18.6	0.695	8.82	-86.6	-22.6
51.7	-3.95	19.8	-51	21.2
13.4	43.6	-18.9	-30.2	-13.3
-10.7	-10.7	51.3	13.7	-8.09
4.34	49.5	-27.3	-115	-23.2
32.1	-40.8	-8.76	46	-4.22
-54.9	7.71	-9.17	-3.6	-53.2
-27.9	-0.109	-22.4	-45.9	-5.91
32	-2.96	-40.8	81.2	0.396
-66	-59.1	-47.9	39.4	-68
-82	-53.9	-37	22	-10.1
34.8	-29.4	36.5	-18.8	-21.9
-22.7	8.02	-18.4	-70.8	-27.9
-52.6	5.99	3.89	0.061	-21.6
-85.7	11.5	-35.2	-19.6	-10.5
-61.5	-39.6	-49.9	-50	25.7
-29.5	-43	-32	1.05	56
13	-14.5	-19.8	-44.6	18.4
-40	21.7	-39.6	-43.4	-138
7.52	-92.8	19.3	-30.5	-28
-9.48	-33.6	-21.7	-31.8	-43.7
-48	-41.7	-10.1	15.7	23.4
-82.9	-133	142	28.4	-14.6
-16	-18.4	32.6	6.64	-120
-22.6	-83.6	-12.3	-38.9	20.9
6.15	-4.04	-5.18	-82.7	82.9
-62	-3.04	-33.2	10.6	-58.7
30.7	-88.1	-64.3	13.2	4.49
-4	-43.2	-31.8	-16.9	14.8
-35.8	-9.6	-64.3	13.8	-11
-8.37	-4.03	-23.3	11.2	12.7
2.17	-15.5	-70.7	36.2	-60.1
-63	59.7	-70.6	-98.1	-47.8
38.7	54.4	-39.3	-28.8	-130
-79.9	52.9	-17.7	21	12.8
-87.9	44.6	-40	14.8	-77.3
-40.5	-60.9	-26.4	-8.32	46.3
-35	32.2	-8.33	-91.2	-59.7
-42.8	20.8	-29.1	21.1	-30.3
-35.4	-13.7	-31	-60.7	-41.7
-28.4	-25.1	1.94	-52	-73
56	-49.1	6.51	12.9	15.7
-37.1	-3.92	-16.9	-0.681	-2.65
2.35	-55.6	-35.9	-70.6	-98.6
17.7	-69.6	-73.8	3.89	81
-63.3	-7.64	-54.8	-6.69	-83.2
4.45	-26.3	-30.8	-86.4	-31.1
15.9	-18.2	-8.51	24.7	-26.8
-1.09	-43.5	-5.75	-52.9	-43.1
-13.6	-51.3	-92.1	-19.1	-22.1
-13.2	-52.2	13.3	-6.28	-20.8
-7.91	14.2	-54.1	-8.38	-19.6
-16.8	-27.8	-17.9	-113	-59.9
-37.6	-31.1	59.1	-5.52	-34.6
-84.9	-64.9	49.1	-88.4	-48.3
33.5	-78.9	-89.6	66.1	-48.9
12.6	-1.19	16.7	-60.7	-65.7
57.7	2.3	-97.3	-9.05	-7.33
-17.2	65.3	24.2	75.3	-20.4
-10.8	29.9	-69.5	-34	29
-60.2	-5.02	-89.6	17.9	-30.3
4.14	-8.96	-99.4	-52.3	45.3
-28.7	-15.5	-10.8	-123	-34.5
-13.9	-56.1	-23.2	-22.5	-40.7
-36.8	3.39	-17.4	-31.5	-50.7
7.78	-105	-0.518	2.42	-11.9
-78.2	-25.9	13.4	-10.9	-28
-56.5	-73.7	-49.8	-10.1	-86.9
-14.4	-39.5	-48	-67	-25.1
47.7	56.5	-68.2	-27.4	13.7
-29	-21.6	25.3	-45.6	43.4
27.2	-37.5	-64.9	27.4	22.8
-35.3	-16.5	-56.1	-15.4	-72.2
-1.92	25	-65.8	-134	-37.6
-14	-22.4	39.8	29.9	4.9
8.66	-66.5	-49.2	-29.9	27.4
5.3	-54.1	-51.6	-28.4	0.856
-52.2	9.92	47.3	-29.5	30.8
-37.1	-3.29	-76.1	-52.7	-33.1
7.38	15	-0.322	-38.1	-116
-91.3	-24.6	-71.2	-31.1	-32.2
3.01	28.7	-4.39	-18.9	26.4
-37.1	36.6	-25.9	-49	-37.9
55.6	-2.87	-50	-30.8	45.1
17.3	107	-20.1	-85.6	-30.3
-34.5	-30.8	16.7	-20.8	-43.5
31.2	58	61.1	-39.8	-46.6
-56.8	-7.25	-61	7.1	-18.5
-28.9	-6.44	-24.9	-56.5	-3.43
-17.3	-7.9	52.2	24.3	0.701
-30	-59.3	25.8	-25.5	-8.71
19.2	-26.8	-11.2	-3.84	-80.6
-75	-44.3	-60.6	-26.6	-11.1
-33.6	-34.4	16.3	22.8	4.23
-14.5	-56.9	-8.21	-10.2	-55.3
-54.1	-39.9	55.2	-17.9	-59.8
-33.1	-22	-7.87	-29.4	-21
0.58	50.7	30.9	22.2	-110
-14.3	-11	0.322	-48.3	-22.7
-25.8	-47.6	-5.01	5.3	26
-11.9	-62.3	-0.95	47.7	28.1
-31.4	-1.66	-54.1	-12.9	-2.72
34.8	-1.23	15.6	8.85	2.74
-7.24	25.5	-64.2	-34	43.5
-50	-87.9	-29.8	-20.4	37.4
-42.5	6.79	56.3	-37.2	-35.4
