-61.3	-10.4	-12.8	-49.5	-26.8
-70.5	1.81	12	-106	-188
-24	28.3	-84.7	-46.2	-84.3
7.38	-83.9	-52.1	-106	-32.8
63.8	-145	16.3	-125	-99.1
65.9	39.2	55	-186	115
50.1	-74	143	26.6	43.2
-110	-75.4	30.4	7.49	-15.6
-2.52	-9.77	126	-14.1	-42.1
168	-89.4	-78.3	-143	33
-97.7	26	2.89	-46.2	-119
8.5	-140	31	-107	-39.1
33.5	45.5	21	-46.3	70.2
1.51	-39.8	47.6	-132	-16
20.5	34.9	-25.4	96.1	-82
-188	-64.5	-39.1	-33.8	-73.2
17.6	15.7	-40.6	-192	-142
5.29	-169	-132	-90	-1.35
-69.5	-79.2	68.2	61	-20.7
99.9	46.3	-54.4	12.8	-41.6
54.7	-71.5	-24.7	-117	-60.5
-8.02	-45.3	-98.4	-55.9	-82.6
-75.9	-5.22	-80.8	-138	-58.5
-52.8	-22.9	8.05	-32.7	-163
-181	-17.3	-94.8	29.2	-189
-38.4	54.7	-70.2	56.4	-2.86
-67	-43	43.7	-52.9	-52.6
77.4	80.9	-16.7	46.1	2.18
-21.5	-108	-10.7	-112	-168
-20.1	-16.8	-151	-145	-103
67.6	-89.4	51.1	-4.83	-119
-82.1	-136	47.2	-15.6	-87.1
10.9	59.3	-91.7	-48	101
31.8	-76.6	-211	-109	63.2
-12.3	47.2	-126	-27.9	-57.4
12.3	-31.1	-71	-61.5	-52.8
-38.7	-60	32.9	1.25	-36
28.7	-102	-25.6	-27.9	-117
-31.1	6.77	-11.3	-44.2	-59.4
-38.5	-48.2	-156	-35.9	-89.4
-127	25.1	-15.6	-32.9	-49.3
5.18	51.6	47.7	-61	-90.4
-71.9	66.2	83.3	-32.7	43.8
-122	34	-13.9	-76.9	11.3
-3.89	-3.33	-64.2	-147	64.7
64.6	-79.2	-141	-66.4	-9.92
-60.7	-37.5	-119	43.2	33.1
164	-10.8	44.6	-25	-43.9
86.5	-119	-62.9	56.2	-85.2
25.5	-212	-6.75	-89.3	-91.8
-13	-90.6	-77	-163	-92.5
-83.8	-77.6	-47.5	-87.5	17.3
-9.01	69.1	4.74	50.6	-111
-130	79.2	-119	-6.1	-108
-53.7	26.4	-19.6	-101	-92.6
11	49.4	-105	21.9	-82
66.4	20.3	72.3	-7.64	-75
-42.5	7.12	-13.4	15.6	-81.3
53.8	43.9	-94.1	-33.8	12.1
-52.3	52.2	2.01	65.2	-12.1
4.35	-52.4	-97.7	-46.1	-43.3
35.1	103	-54.4	-42.5	41.5
-28.7	-34.3	102	-157	29.7
-35.7	-89	-121	-153	51.9
-191	17.9	-118	39.3	14.6
-44.2	79.2	-49.4	-42.7	68.7
-128	-132	-8.94	95	-92.1
-69.2	-56.6	-108	-160	63.2
-68.3	-30	-99.3	-96.5	-49.1
47.3	-29.5	-28.9	-41	-0.192
-12.6	-26.4	-219	-46.6	-196
-54.9	-43	-123	-7.71	-84.1
-97.4	-71.5	10.8	1.21	70.1
-153	-113	-53.4	-167	-167
-52.2	-117	-11.3	-57.9	-62.3
-21.6	31.2	61.1	25.5	-16.9
-122	18.8	-241	34.2	-59.3
9.7	-100	-38.3	-14.7	-13.4
-38.8	9.53	-51.5	37.8	-109
-85.6	-107	-24.8	-86.7	-4.92
-51.4	-130	10.3	-7.53	-90.4
47.1	-50.8	59.3	49.4	8.6
-52.6	59.6	-52.3	-78.3	-44.6
30.2	62	-26.6	83.4	-134
-75.6	-87.5	-120	-113	-52.5
45	-69.2	55.2	67.9	-3.48
-146	-7.21	-120	57.6	65.8
-3.11	17.5	-111	-105	78.4
38.4	33.2	-64.2	-66.8	-114
-109	-34.5	-31.2	54.8	-71.2
40.8	-69.1	61.2	50	72
-2.5	-13.3	-4.22	-103	71.8
-16.1	23.4	49.3	-79	-14.2
-10.8	-103	-105	49.1	38.1
18.8	-104	-180	-126	-201
26.6	-30.8	5.59	-42.3	-11.3
-42.5	-54.2	65.9	75.8	81.9
-30.3	-49.3	-44.6	-98.5	-85.6
-76.5	-19.6	-0.602	53	-87.3
-78.5	-39	3.88	-107	37.1
-44.2	-24.6	-166	-58.1	-27.9
-64.6	55.5	-187	19.1	19.6
79	-70.4	-169	10.1	-81.4
-212	-11.8	126	-46.2	-14.2
-105	3.73	4.13	-27.8	35
-17.7	-22.2	-168	96.3	-42.6
-102	-68.9	-11.7	-43	-40.7
-114	-64.4	12.5	60.2	61.5
-56.7	-25.6	-34.7	63.9	-52.1
-33	-19.8	113	-95	-65.4
-57.7	-3.01	-28.2	-6.73	40.4
-31.7	138	-67.3	-90.3	-106
-60.7	-85.8	-135	-30.3	65.8
-89	11.4	-24.1	-47.7	28.1
-223	113	1.26	-103	19.4
-52.6	-173	-168	-25.2	59.5
34.5	20.1	-57.1	-136	-89.7
-29.1	-41.7	7.42	-67.1	-27.2
31.7	-58.5	-50.8	103	-78.6
-82.6	-43.6	-131	-16.7	-44
-39.5	-72.3	37.5	152	-48.8
-45.5	-25.4	17.3	3.92	15.3
-0.0199	-85.5	-164	69.4	-38.3
-175	-129	24.9	-28	-46.5
-108	-90.4	-13.9	38.4	28.1
-71.9	130	-138	-123	-66.8
51.9	-54.5	41.7	-92.3	-36.2
-33.4	-14.8	-34.1	-38.9	-79.9
-122	-44.7	-27.9	-28.5	-39.8
-190	49.1	-107	-33.7	39.9
14.3	-28.6	-21.9	-46.4	-113
-35.1	14	39	-87.3	-61.8
-0.508	-57.8	-93.5	47.1	-122
77.2	-65	-41.6	-14.1	-102
-38.6	-128	-21.9	-47.8	-161
-180	-70.9	-64.7	-94.2	-103
-107	-22.8	-111	-92	69.6
-194	-163	-119	-49.6	63.6
-16.9	-240	-77.4	-37.7	-145
-11.8	-38.6	72.9	-33.9	47.9
-12.5	-39.6	-95.9	-2.02	3.13
8.42	-15.8	-35.7	-9.25	-26.1
-114	-91.8	24.3	-76.7	35.3
-4.69	-64.7	-151	-109	-19.5
90.3	93.8	-54.7	-125	-57.5
-74	-8.52	-78.3	-80.9	-66
101	84.5	43.8	-84.2	-53.1
-17.8	-44.6	-11.7	31.2	30.9
11.8	16.8	86.4	28.1	-92.8
14	27.1	-104	-9.79	2.05
-80	-135	-76.5	-142	28.4
0.638	-37.9	-25	-42.1	-39.2
-15.1	17.5	86.2	-97.5	-53.8
16.5	41.6	-160	-153	-23.6
-67.3	-64.4	-76.9	20.1	11.8
58.8	-53.8	33	-51.4	-45.9
-25.5	-4.88	57.4	-0.508	6.31
-66.9	-99.7	-133	-54.3	74.5
-86.6	-78.9	-125	-24.4	-127
-20.7	7.78	-57.2	13.7	205
37.7	29.3	51.8	-127	10.4
33.5	-2.24	-125	40.4	-49.5
-40	-13.7	80.1	74.4	-145
21.2	-5.57	-238	-23.9	-36.8
30	35.5	-50.5	-142	51.1
-144	-145	-116	-36	31.8
-81.7	-103	-182	13.8	-53.1
-11.3	-38	-59.2	-140	-91
-46.2	6.54	-61.6	-123	34.9
-95.6	-26.8	-33.1	78.4	-106
-87.1	-38.3	-9.02	-36.4	-240
-56.5	42.9	-29.6	38.8	-6.85
45	-22.4	-8.06	-183	61.3
-75	-103	44.7	-30.8	52.8
-18.4	-2.39	8.09	26.2	-27.5
-70.8	66.7	79.9	-23.4	-73.7
17.1	64.5	-83.7	88.8	-76.3
-67.3	16.8	5.44	-135	-15.4
-59.6	38	42	-0.196	-9.25
21.3	-67.3	26.6	-39.4	-6.51
-40.5	43	-134	-107	5.79
-11.6	-97.6	-211	-17.5	92.4
-7.35	18.6	-79.5	-30	3.08
-22.3	32.7	-57.8	65.7	17.3
-69.1	165	-83.4	-26.8	67.7
-142	-99.6	-54.7	17.3	7.6
-88.5	-87.2	-2.5	86.9	-87.1
-44.6	-44.9	35.1	36.9	-91.4
16.2	78.1	-19.1	-79.5	-70.5
-55.8	-37.7	-149	19.4	-86.9
-50.6	-39.6	-126	-70.9	-52.9
-98	6.22	-55.6	-3.14	-80.4
-113	13.5	-136	41.9	-19.4
19.8	9.04	218	56.5	-45.6
-5.13	-67.7	13.1	-100	-18
25.2	-11.3	-60.6	22.2	-95.2
54.5	-78.8	22.6	92.1	-31.4
-85.3	24.7	-38	9.24	-56.2
-2.7	-8.49	4.58	15.4	8.69
-4.5	-24.1	68.6	-113	145
29	5.52	-60.1	-6.5	-86.7
106	-21.9	-16.5	-84.4	53.9
7.63	-47.1	8.66	-39.1	-48
-27.6	-83.2	90.2	-69.3	-33.8
111	-75.9	28.4	-61.4	99.1
50.4	30	73.7	113	47.2
-68.4	-163	-144	-107	-75.8
16.7	-83	64.9	46.6	106
68.5	0.894	12.9	51.7	-115
-54.7	-16.9	-65.8	-18.2	-109
-63.9	-76.6	58.7	-96.8	-144
-56	-12.4	-12.9	-182	-106
-13.6	-0.702	-1.94	-18.9	-61.6
-42	48.9	-50.4	-89.6	-126
21.8	68.8	38.4	104	56.8
48.4	-110	-169	-7.8	-110
68.8	-80.7	131	23.8	35.7
6.14	-23.1	-48.6	50.5	18
4.91	-113	-85.6	55.8	-220
-58.5	-27.6	-36.3	-58.3	-22.8
-55	-73.5	45.6	-10.1	-48.3
-167	-21.4	-54.1	-42.3	-69.8
-37.1	33.2	12.3	-10.3	-109
-28.6	-46.8	-73.1	14.5	-57.1
25.7	112	2.61	-58.7	-56.9
-52.2	-59.9	-56.6	-74.6	27.9
-52.3	57.8	-138	-64.1	-95.5
9.15	-129	17.8	-13.9	-4.53
21.6	40.6	-57.6	-104	-134
-92	-43	26.4	-150	-90.4
-106	-57.6	9.08	-66.9	-19.1
-51.1	-78.3	143	-56.9	-54.9
12	-163	-73.3	-129	-133
-84.1	-45.3	-62.9	-156	-137
-32	74	21.6	-110	14.1
94.4	-96.2	82.1	39.6	-66.4
-29.9	-59.2	-22.7	-103	-114
64.8	-64.9	-62.5	-1.52	-21.3
59.9	-123	-102	-27.3	-61.3
46.8	-140	42.3	82.5	-132
13.3	-7.31	-97.5	-0.829	48.6
35.2	-134	-3.71	-70.8	27.1
82.9	-14.8	-16.5	-187	35.7
-208	1.54	-35.5	-7.73	-96.8
-173	-82.3	-151	-61.2	-111
-178	-93.8	-13.4	-5.3	-51.5
-18	-42.6	-111	-55.4	31.7
108	-67.3	119	-16.9	15.3
-17.4	72.6	17.3	-28.3	-98.7
-149	-106	134	-56.6	18.8
96.1	38.8	-9.57	-126	113
20.1	-170	-60	-47.6	94.6
-104	-155	44.1	-39.5	-148
30	-148	38.2	-103	35.6
-119	0.908	75.7	-72.8	-123
-164	19	-2.96	-4.49	-101
30.3	13.5	114	-106	-131
73	-87.7	-30.3	-33.6	-20.7
-83.7	-28.5	-172	-43.5	-18.6
-27.9	-87	-35	17.1	-74.8
73.1	-45.3	-47.3	-78.1	22.6
30.9	27.7	-65.5	-56.8	-22.8
-131	-65.3	-170	-50.7	-54.9
54.3	-221	-37.6	-1.16	35
-21.2	-51.8	-22.3	-60.4	-14.8
-70.2	81	-140	62.7	15
-112	-76.1	-7.36	-98.1	-69.8
-28.9	-27.1	-27.7	-147	-8.3
-198	-26	-75.2	-64.3	-76.6
-12	63.2	77.6	17.8	8.19
-123	-81.4	-63.1	63.6	-78.7
37.1	54.4	-190	-179	-46
-77.2	-108	-58.2	-21.5	17.5
-22.1	-22.3	-35	-53.8	-78.3
-13	-148	-52.5	-65.2	41.5
-31.1	-91.3	-38.3	-129	-141
-83.9	102	-35.5	-59.8	62.2
-125	-75	-8.54	102	-17
-58	-70.5	-107	-68.1	13.4
-187	7.15	4.23	9.98	-11.9
105	-44.8	34.2	23.6	34.7
-72.4	-61.6	-103	59.6	-18.6
-75.4	-131	-151	2.59	-111
-13	-89.7	86.5	64.5	-58.7
-108	-84.6	-41.2	-64.4	-10.7
-26.2	-36	10.2	-104	-19.1
-42	4.78	14.3	-88	53.4
-52.9	-17.1	-28.7	-64.2	-23.5
0.313	36.8	-55.4	-62.7	-115
-120	12.7	104	59.3	72.2
-111	-188	63.7	-84.8	-115
15.9	47.7	-48.6	-124	-20.1
-49.9	-2.51	-87.5	-15.5	11.2
-67.3	22.5	88.3	-110	-88
4.97	100	51.2	-20.7	-34.3
29.7	75.4	-117	-11.1	-34.6
-94.2	217	-49.5	-67.6	-13.5
-51.7	58.9	5.18	16.3	105
-57.8	74.1	-48.9	48	-81.9
4.14	-78.7	-26.6	-102	-143
10.9	-105	-6.03	-70.9	-154
-0.919	-113	-6.64	46.1	-2.91
-33.6	-169	-131	-5.4	-72.8
-97.3	11.8	-85.4	-52.4	54.6
61.9	-99.1	-64	-150	33.5
-61.2	-33.4	-109	28	-12.1
-50.9	-84.8	44.4	-79.5	-5.69
20.8	-29.9	-6.43	-6.21	-48.3
-125	-177	-26.6	-37.7	-62
23	-38.8	46.3	-76.8	-11.4
22	-203	-36.7	25	-56.9
-147	66.9	-42.3	-142	-76.6
-167	-123	102	-21.3	-70.3
-117	-79.6	84.3	112	26.7
-70.4	-187	40	-18.1	-21.3
-1.56	-23	11.6	-15.1	-106
-36.1	-33.3	-127	-123	-59.8
153	-91.4	-93.7	-146	-94.7
86.7	34.2	17.2	-102	27.3
-55.6	-24.6	-40.1	-95.7	-27.5
29.7	0.18	-15.8	-105	-32.8
-86.1	-8.97	-84.8	-74.8	-25.2
-19.4	78.1	43.6	-20.8	-12.4
-217	77.9	-31.2	-51.3	-98.9
-87.1	-105	62	17.8	-41.2
25.7	-91.2	105	-82	-191
-87.6	-60.5	-15.2	-118	12.1
125	48.6	-19.4	-136	-65.5
-74.8	-67.3	-163	-126	-50.9
-7.7	-51.2	-58.9	17.2	-60.4
-12.1	37.6	-111	109	-66.3
115	-16.7	-75.2	-47.2	-19.9
-32.3	2.41	-26.2	-138	14.7
21.6	-40.3	-120	16.4	-121
-28.5	94.5	-53	90.3	1.75
-3.62	-20.3	114	70.8	38.2
20.2	-10.3	-55.4	31.3	-66.5
-225	-170	-142	44.3	-185
-48.6	-125	-53.2	-27.2	-77.2
-22.7	-60.4	-31.3	-81.6	22.9
98	19.3	-55.3	-103	3.83
-111	-78.6	-14.5	-182	-65
-50.5	22.9	-28.7	-0.211	29.7
-80.5	39.8	-70.7	-84	-147
-40.3	89.2	-55.2	61.2	53.4
9.74	-44	-99.8	33.3	-15.1
7.88	-35.3	-54.3	-104	-203
-183	-75.2	-51.2	17.3	-41.2
-53	-29.6	-6.51	-83.9	43.8
-33	-6.28	64.4	-76.8	70.9
21.4	3.35	-34.9	6.67	-39.9
32.1	-175	-161	13.5	45.6
-69.6	-63.2	-130	-34.5	31.1
-30	19.8	32.9	-98.8	-36.9
-33.1	-88.3	-84.1	-112	68.7
-13.1	140	10.9	-104	47.9
136	-75.1	-72.4	-45.8	-16.9
-149	-70.9	20.2	-74.2	-70.4
62.1	59.4	-56	-54.1	5.11
18.1	26.7	-11.5	-79.5	47.1
-151	66.4	69.1	41.8	-108
9.24	-122	-34.9	-67.7	-88.1
-102	-111	-136	-39.5	-143
24.4	-185	-59.6	-34.5	-166
-84.1	-31.8	-2.34	-71.9	-33.2
-19.5	-199	-56.6	4.84	-123
-43.3	-118	-44.7	6.34	-22.3
4.12	-149	-89.4	-93.7	3.03
-31.8	-63.2	-47.8	-24.1	-78
69.9	-18.2	-74.6	-83	-22.1
-67.5	-6.32	-8.51	-16.2	6.16
105	-110	-10.2	42.2	8.36
-88	-197	33.7	-3.41	-64.2
9.6	-132	-57.8	71.9	14.2
64.4	-54.3	-20.9	-67.8	38.8
23.1	-85.5	-38.2	-139	-98.9
39.9	-31.6	102	24.8	-25.4
60	-120	-84.3	-16.6	-64.2
-18.3	8.55	-6.87	-22.4	-71.8
-6.88	-58.5	-51.9	-105	-36.3
12.5	66	-15.8	4.35	-84.2
18.4	-90.8	-14.3	-16.7	-173
16.9	23.8	37.4	-84.7	-78.9
-7.42	-51.1	13.3	1	-39.2
-114	43.5	-128	52.8	-19.6
50.4	27.8	-37.8	-139	-87.5
82.3	-22.5	-80.5	-92.9	-33.3
-41.9	-96	-30.5	-81.8	98.1
-185	-48.5	-55.2	-58.3	-28
-29.1	42	63.8	-33.5	-65
-150	-64.2	78.7	-0.527	-88
-174	37.8	-61.4	-4.65	92.9
61.7	-30.4	86.6	-77.7	87.1
-146	-98.4	-63.7	-11.5	45.1
70	-42.4	-49.2	-5.15	57.7
-36.5	-78.9	94.4	44.6	48.9
36.8	-64.8	-44.6	-21	-28.7
-29.2	-73.2	-90.7	-29.5	-125
-20.3	-55.8	19.4	8.95	-76
-149	-44.6	-50.4	-15.6	-83.8
-28	-25.5	-24.2	102	1.14
-45.2	-114	-74.6	-56.9	-100
-13	-26	71.6	-122	56.5
-125	59.1	19.3	-60.9	113
-41.3	0.0413	-97.7	-107	-27.7
-13	-65.5	30.4	-25.2	-143
-2.69	-44.8	-67.2	-112	-15.9
19.5	-124	-3.98	-59.5	2.33
27.6	-92.1	-5.11	-32.2	-45.7
-46.8	55.4	-115	75	-156
21.9	-15.2	3.42	-5.35	105
29	20.4	107	-37.5	-53.9
-93.8	-104	-51.9	-56.4	-26
0.348	-55.4	35.6	-1.91	-1.8
-59.5	-71.4	-87	-21.6	-101
18.7	-1.85	-44.5	-72.5	-61.4
-147	-134	-130	-120	-76
-103	-17.4	65.1	-120	-92.9
7.96	-66.2	59.7	58	-64.5
-79.2	-50.9	27.7	-27.6	3.47
-86.8	28.4	61	37.9	-30.7
-31.6	-11.2	81.9	-2.29	-24.8
-103	-12.1	-137	39.7	-221
62.3	63.7	-64.7	-104	-43.8
-83.6	-29.3	-210	-49.5	-153
-135	-105	141	-80.8	-95.1
-63.8	-48	-11.5	26.1	21.9
33.6	1.77	-10.8	-71.6	-55.5
62.5	-88.1	17.6	30.6	-98.5
44.4	-42.1	-55.7	72.7	30.1
-138	62.1	21.2	-141	-93.1
-159	39.7	-42.5	37.9	-24.1
-88.3	17.1	4.34	29.8	-169
-26.2	35.5	-93.7	-64.8	-78.4
-96.3	-135	-9.31	-108	-28.9
-10.9	-80.5	-32.9	14.3	8.8
52.6	-106	-68.8	5.2	-79.7
-4.62	55.4	-11.7	49.7	-209
-125	-3.5	-86.5	6.86	-65.6
-72.6	-80.9	-135	-255	-51.7
2.14	36.5	-45.1	30	-100
7.78	-18.2	-20.2	8.92	-78.8
-114	6.98	17.6	69.1	50.6
-14.6	-6.6	-160	-71.8	-34.2
-28.5	78.2	18.9	30.3	-46.8
-36.5	-20.5	-64.4	-142	16.2
-13.5	39.7	-70.3	50.9	38.3
38	25.2	-19.8	14.9	-140
-30.8	-162	-150	29.7	-48.7
-140	-85	-147	-107	41.5
-28	-6.65	-80.8	-51	-34.3
-132	-28.2	-56.1	-89.7	-22.8
157	-68.7	-51.9	1.57	-145
-82.9	-39.2	-131	-63.5	51.9
24.2	43.6	-68.2	-50.3	16.6
92.9	-49.9	-4.96	-37.2	-58.4
72.6	-103	-137	-51.1	-86.9
-162	-26.9	-91.8	-104	-5.52
-145	-165	32.2	-49.9	-5.2
-90.3	52	56.4	-80.1	-37.8
27.7	98.4	64.4	-210	-133
103	-154	20.8	53.2	-84.2
-91.9	129	26.9	11.9	-95.1
83.7	-171	-19.6	68.8	-12.3
-48.2	77.2	-188	71.8	-50.3
-60.8	-11.1	7.12	63.9	-46.7
30.9	-55.7	151	6.94	-58.5
18.5	-105	-10.2	76.9	-107
-73.3	-58.2	-45.3	2.24	63.3
-51.5	-49	48.2	-143	-69
-61.2	-51.3	33.2	-16.7	-70.1
-30.8	71.3	-44.3	37.9	32
-10.7	-82.3	-110	60.9	7.77
-20.5	99.3	-34.7	-48.6	-171
-92.3	23.8	-68.9	35.4	-6.9
12.5	-27.3	-43.5	-119	-54.5
-82.6	36.7	-134	-6.21	-15.3
-74.6	22.4	-185	4.99	12.4
-83.3	-101	-54.6	24.5	-25.1
-57.6	-81	-67.5	-129	98.2
0.49	113	-17.6	-23.6	34.4
48.8	57.8	26.2	31.8	-85.1
-25.5	-91.1	28.1	-98.3	-0.144
-50.9	35	36.6	-71.1	1.14
-160	-125	-71.9	-43.6	23.4
-17.1	-60	-108	27.3	-73.7
-20.5	75.2	-41	-130	-21.2
29.7	-42.7	10.8	-122	152
-14.9	-68.9	-129	-14.4	-144
-101	-4.68	-18.9	-73.6	89.8
-111	-51.9	-141	-38.2	-150
-91.9	-34.4	-63.8	-109	-136
123	-100	-33.1	91.5	-83.5
-11.6	-207	-108	-203	-39.7
-143	0.944	-106	17.8	26.5
2.45	7.93	24.9	-1.42	105
-120	8.01	44.4	-140	-175
-3.83	-13.2	-7.11	-61.2	-46.1
-71.7	-31.5	22.4	12.2	-26.8
-28.6	59.2	-52.5	-44.3	-27.1
-52.3	41.2	-77.1	-57.5	159
-189	-16.7	1.48	-22.6	-12.2
-46.1	-22.2	-14.9	-105	-71.8
-26.6	-101	-112	-36.1	21.1
6.5	-84.3	13.9	35.7	5.45
33.8	-25.6	84.2	23.5	6.78
-128	-171	-81.7	23.9	1.52
-61	137	-73	-5.6	-1.61
-10.4	-69.8	-153	-103	-27.6
44.9	27.5	-199	-208	-32.9
-29.7	-23.4	-109	-25.7	-51.7
-60.4	-10.4	28.3	-96.9	-99.3
-93.2	-95.6	-81.6	2.4	3.14
-51.6	140	-69.1	-82.9	-126
-45.1	-92.9	-116	111	20.2
-141	-42.8	-29.8	-23.7	-90
-90.7	66.1	-45.3	-29.9	-106
35.4	-55	-6.45	8.95	-24.4
-181	-55.5	-36.7	-88.4	105
-99.4	23.3	24.8	-10.1	-68.3
-28.9	-101	-196	-162	-76.3
-63.9	-32	74.4	13.4	-50.6
-102	-42	-139	-7.87	-26.1
-26.8	-24.2	-31.4	35.9	8.73
-87	-23.2	-36.7	-26.7	-1.52
49.3	-71.7	25.2	45.2	24.5
-60	-164	52.4	-108	-134
-3.45	-13.6	-91.5	-104	-37.1
-84	-208	-169	-96.5	-25.6
-172	-9.63	-67.6	39.5	-10.9
-20.8	-63.5	23.6	-8.31	-31.6
-79.1	-0.711	-111	-131	-28.3
-25	-34.8	41.3	-43.9	-22.6
-185	-57.5	-27.4	-70.5	-26.9
-24.9	8.53	-73	-17.6	16.8
-55.2	-101	2.73	-38.1	-127
10	80.3	-26.3	-12.7	-63.7
-78.1	-47	-8.86	86.3	-74.5
-127	-114	12.6	23.8	-92.7
-42.1	-65	17.4	-43.3	-98.9
-106	-23.9	-30.1	-10.5	-89
-38.1	-22.7	13.6	-50.4	154
-20.3	104	-81.9	104	-18.3
92.3	-136	6.69	-26.7	105
-32.5	-83.9	-41.5	9.87	-17
-59.2	-119	89.6	-15.8	88.3
15.3	12.5	-65.6	-56.1	-88.1
-1.18	-152	-135	-160	-142
4.44	-8.72	72.4	34.5	133
-12.1	-81.7	-52.7	-21.3	129
-58	-159	12.9	-32.1	-1.89
-255	-106	78.6	-106	87.5
156	20	-105	35.9	-36.9
-40.1	-138	-160	-31	30.9
-90.9	-34.9	-51.9	-77.6	54
-0.193	-86.6	-124	21.5	-64.5
78.9	198	-78.2	-142	-84.4
56.2	-64.8	-41	27.2	-58.3
94.4	-100	52.7	-11.5	58.9
-95.2	-90.8	-62.9	-28.5	78.2
-102	-159	-37.6	-66.7	-86.1
-28.7	-179	-86.5	-45.2	-68
6.69	81.7	-89.8	-42.4	-9.98
13.3	-42.6	-147	-14.3	-79.8
-128	-195	-74.8	64.6	23.9
-63.7	-44.8	-37.4	53.3	10.7
-177	17.1	-2.76	-102	90.7
46.4	-204	-86.1	110	-17.8
-19.4	56.2	-201	16.1	-19
-56.7	-29.9	-19.4	-168	-26.1
-178	-117	65.2	1.78	-1.91
-184	66.8	-81	134	-34.9
26.6	54	-36.7	-172	-204
-5.52	-20.5	71.7	81.9	-4.28
27	-30.3	-70.2	-25	-97.3
-8.33	46.2	-46	-56.1	30.8
2.88	-154	-79	60.4	-78
5.12	-90.5	-102	10.3	-4
-61.7	-3.79	41.7	20.4	64.1
-195	44.5	-113	-102	-104
8.34	-5.29	-51.1	25.3	-133
-43.5	-57.3	50.5	-123	-70
-51.4	44.1	-37.5	47.7	-112
-106	32.1	-39.1	17.2	-77
-111	-58.6	-50.6	-79.7	-93.6
-70.6	-30.7	-104	-150	-9.81
-97.5	27.9	-91.2	-130	90.9
-3.09	-139	-89.5	-170	80.3
-20.6	-179	-30.3	19.3	-83.3
-57.9	-76.8	-71.5	-34.5	-61.4
96	-50.8	36.8	3.41	35.7
38.5	55.4	-2.11	11.7	-127
13.8	-90.7	12.8	-103	-13.9
31.6	-31.8	-82.5	48.5	5.94
-69	-31.9	15.3	-153	-109
-72.4	-24.2	-58.6	-182	27.2
-139	-96.6	-101	8.93	-62.1
-56	193	15.3	-5.61	-42.3
-134	-66.8	34.6	48.2	-1.12
-60.2	-67.7	-88.8	8.02	-59.8
-119	-17.5	13.9	69.5	-28.3
31	-12.7	-10.1	-45.4	-57.8
-14.4	98.2	17.6	-152	-12.8
-48.3	16.2	-10	-40.8	122
-49.2	0.238	-80.1	-16.3	-109
64.1	59.3	47.5	-217	14.1
-99.5	-46.7	-144	-56.5	-47.7
33.4	99.9	-53.9	-33.6	94.4
-72.5	11.6	2.13	-178	-17.1
-20.1	-53.4	-29.8	-184	-96.1
-92.3	-10.6	49.1	-64.9	-206
77.5	57.2	-34.6	104	-25.5
70.2	18.6	-58.6	-146	-17.9
-43.4	26.6	-62	-111	48.1
-24.8	-55.4	-65.4	-21.7	-167
-47	85.4	-76.9	28.4	-61
-111	7.5	65.3	6.56	-219
0.337	-3.57	5.97	53.6	5.62
-35.8	-30.8	-93.5	48.9	-1.44
78.6	-15.2	41.2	-72.6	8.76
-1.32	-81.9	-78.4	-31.7	-86.3
71	196	-10.7	-53.2	-50.3
-106	-165	-5.6	-177	-63.7
-75.9	-199	-90.5	-42.5	-2.89
-59.4	-155	-132	-38.8	53.3
-73	-40.2	-35.2	-49.3	-87.2
78.8	-163	43.7	63.3	76.3
-67.5	35.3	-108	-68.5	-56.5
-73.8	8.42	-77.1	38.4	46.3
-28.3	5.99	-116	-40.1	-24.9
109	99.8	-190	31.3	-17.8
-14.9	3.95	-119	-2.73	-98.2
-74.2	-33.7	-82.3	-34	-169
14.6	103	-47	-254	-143
-53.9	-67.9	14.3	-66.1	-59.1
-28.6	-146	-97.7	-116	59.9
69.3	-141	77	-60.2	-17.8
-46	3.02	-96.8	21.4	-120
36.7	-8.31	-151	-45.4	-42.6
7.82	-14.1	54.4	-45.6	-77.5
-48.4	-10.8	34.5	39.4	43.6
-37.4	-90.3	-110	-45.2	-80.8
-151	-0.525	19.5	-26.4	-77.9
-120	-166	-32.2	-56	-109
9.31	72.1	-174	31.6	-4.07
-18.6	62.6	-56.7	-34.6	-25.3
-73.5	-8.69	-102	-150	34.8
-44.5	-16.8	-182	7.15	32.3
61	-43.1	-184	-181	-97.1
119	-57.6	-63.4	101	8.98
169	71	-26.1	-91	-80.7
-104	-307	88	-79.9	-113
-10.3	-92.2	106	-54.8	11.4
-64.9	-150	-256	23.9	55.3
-5.92	-148	-58.4	-86.3	-57.8
-61.5	-37.1	-128	-69.8	-103
32.1	-11.9	36.5	-141	-94.5
-112	-25.4	-91.2	87.5	25.1
-27.5	-142	-102	-126	-2.87
-46.6	-49.8	-24.2	36.4	-72.1
40	-49.7	-69.1	13.4	-132
-48.7	-24.6	-157	-26	15.9
-121	9.78	-109	-178	14.6
-87.4	-5.92	11.1	-151	-114
-102	-23.3	-86.3	20	-20.7
13.8	33.9	-53	-47.2	-20.9
-114	-60.3	-99.7	-81.2	-89.1
34	26.7	-62.1	-121	-120
-173	-60	-12	-24	-136
-182	93.2	-70.9	-118	-110
-147	-101	-128	-69.1	-26
-0.575	-82.1	-114	-100	5.5
-194	-11.6	-71.3	-87.6	-24.8
-101	-147	12.5	-67.4	-115
-174	-108	63.9	-29.6	-167
42.5	-181	-0.685	19.8	-22.8
-1.17	-122	18.4	-52.9	-90.5
138	97.2	-79.8	-187	-41.6
12.7	-53.6	-35.3	-38.5	-207
87.7	32	105	-47.7	-30.9
-157	-64.8	-17.6	-76.1	-67.4
-59.7	12	54.7	-139	26
-69.8	-132	-235	-83.2	15.2
33	52.5	-39.8	-0.14	29.8
-31.5	-29.3	-47.5	-210	-10.1
-177	-141	-150	-105	-57.6
-88	-85	-57.7	-67.8	0.305
-110	112	-96	13.4	79.2
36.3	-21.3	17.6	-43.6	-45.1
16	95.2	-91	-92.9	43.9
-110	-50.3	-59.4	11.6	-22.8
-61.9	28.1	-105	-29.4	113
-7.27	-124	7.12	-42.3	-87
24.5	2.41	-146	71.6	-102
-68.8	-14.2	-12.7	-50.6	50.4
46.6	45	-18.3	-155	21.3
-179	-100	-219	-135	78.2
0.35	-65.8	-92.1	26.5	-45
-148	36.3	-75.6	51.3	-18.8
-48.3	-42.4	96.6	-228	50.1
20.8	-49.4	-75.2	81.2	63.4
-4.45	-60.9	-21.8	55.9	-10.2
-117	-29.3	-101	-32.6	-89.8
33.8	-63.1	-73.1	234	-14.8
-6.53	-67.1	-27.2	-209	40.2
-69.8	-48.7	32	-39.5	-81.8
-60.8	-29.7	-16.2	-84.5	-17
171	-166	89.2	-64.6	-44.2
52.7	-36.2	-204	11.2	-111
-33.8	-82.5	83.3	-89	-27.7
7.65	-82.3	-172	-161	-61.2
3.76	-9.95	68.2	168	60.4
-129	-101	-49	-70.6	5.26
47.7	6.88	-59.3	-152	-117
-33.7	-15.5	85.1	138	-34.6
12.9	40.5	-40.9	-124	108
-201	-122	28.6	49.6	-75
30	-43	-44.4	29.3	-24
5.95	-41	56.6	-89.2	-8.9
-24.2	-208	-154	65.7	-17.6
-147	-0.403	-49.2	25.1	-78.9
-87.7	-134	151	-55.2	71.2
-60.2	-76.6	-87	-136	53.4
-73	-78.9	25.2	154	72.9
-45.8	-87.1	-40.5	-137	37.2
-18.2	-146	-86.1	-46.7	15.2
-120	-89.2	-67.4	15.5	-51.5
-159	-48.3	12.2	-120	-7.57
20.5	35.4	-184	38	-22.3
-137	39.4	-14.8	-66.2	-175
-41.9	-137	-42.9	-30.4	43.2
-16.5	2.29	-82	15.1	-84
45.4	-113	-48.7	-4.77	-40.7
-83.6	18.6	-64.2	-0.186	-1.94
-101	-39.1	-121	9.72	-26.1
-158	8.28	-66.4	22.1	12.4
-197	-104	-69.2	28.9	-8.98
-84.7	48.6	-42.3	-102	25.1
-54.1	-7.14	-51.1	-62.4	-86.7
-18	5.16	35.1	9.39	-35.1
-48.8	-19.4	45.3	-24.1	-35.3
112	-157	-27	25.6	-124
-85.4	-174	19.7	-88.8	107
-143	-250	43.8	-56.3	32.7
54	-79.5	-72.6	175	-74.5
-102	-101	-202	55.3	-28.1
30.8	-43.6	-105	97.1	-121
-125	162	17.1	-31.5	-88.8
-79.9	37.3	14.4	10.4	185
-52.1	-13.5	4.53	-66.8	-188
4.96	-59.9	-49.3	-22.2	43.2
51.4	-116	-35.4	59.4	-102
77	-69.7	23.9	-136	-167
-32.5	18.4	116	-1.51	-79.6
113	-7.99	-84.4	-8.76	42.1
-77.8	23.1	28.7	-154	-44.9
31.4	-105	78.3	-108	33.3
-82.8	-24.7	107	-43.7	-27.6
-4.44	-134	-17.9	-17.7	-58.1
-29.9	-109	-28.1	0.745	83.7
15.4	52.1	93	46.5	59.8
-39.3	-3.86	-7.42	5.25	-25.6
-67.4	-127	46.8	130	80.9
11.8	-8.21	-131	33.6	-111
-4.56	-89.7	92.9	-66.4	3.47
-48.6	-26.3	-49.5	-2.08	138
48.1	96.9	-14.4	110	-211
-21.7	-2.75	41.2	-133	29.1
21.1	-56	-68	-62	36.2
-157	-92.9	-110	-28.3	-32
-209	59.7	-55.6	30.2	-94.9
-248	-101	-81.4	38.6	18.5
-118	-38.2	-127	32.5	-109
-28.2	29.6	84.2	-110	-79.8
22.1	-124	-63.7	-21.7	-105
-83.5	-42.5	-54.8	25.8	-120
-110	21.7	-22.8	-135	43.2
-120	42.4	-1.11	-15.1	-39.3
5.98	4.77	-13.9	-47.5	74.2
-101	-13.5	-89.9	-40.7	-150
-7.8	-81.2	82.6	-82	10.1
-63	-18	-102	-124	36.6
-41.4	73.8	-52.5	-117	-3.55
-53.6	-88	78.1	-133	-84.1
-88.8	17.3	10	-51.2	-34.1
-1.3	24.5	-76.6	-20.6	-86.4
-114	-150	0.132	-64.1	-66.2
41.1	-7.08	-64.5	75.4	-182
-127	-3.05	-160	-46.3	25.9
-56.7	-15.7	20	-26.4	-14.5
-12	86.8	-20.4	-157	5.88
54.2	163	17.5	5.09	54.7
-62.4	51	-69.4	-38.3	51.3
-111	105	-105	-6.02	-29.2
-37.6	-142	64.6	-90	-45.4
-94.1	20.5	-75.4	-34.9	68.9
-11	-117	14.5	82.6	-41.3
98.1	57	7.85	12	115
-73.4	-80.2	9.51	-72.1	30.7
-35.2	-62.1	-22.7	-111	-86.8
-132	-51.3	39.9	-124	-33.1
-25.8	-87.7	47.3	14.6	21.9
-114	38.6	-65.2	-133	-89.5
-28.9	-167	-107	15.8	-44.8
-28.8	-30.7	-113	-165	-34.2
-91.4	47.1	-70.8	-42	30.1
-96.9	-23.3	9.61	78.5	-110
72.4	-63.9	93.7	-151	-2.92
-75.8	-45.1	-7.29	-143	-81.2
-22	-22.7	40.6	-27.6	-56.7
-14.2	-120	-187	3.31	-8.39
-157	-83.3	-32.6	14.8	28.4
-137	58.4	-143	11.8	-58.2
49.3	78.1	22.8	172	17.3
-56.4	-60.8	-35.2	87.3	17.5
-62.6	2.91	74.7	1.41	-118
-42.2	96.6	-36.3	-120	-57.1
118	-6.88	-14.5	-37.6	-124
-127	58.7	75.2	-23	-3.11
-17.5	4.34	99.9	-41.3	-105
-50.3	-153	-93.6	87.2	20.9
-21.8	10.3	157	63	69.6
-168	-34.7	75.7	-43.8	-107
-59.8	7.57	-11.8	-69.8	-46.4
21.8	60.7	-52.4	-61.3	36.3
-149	23.5	-92.7	93.3	14.5
-83.4	63.7	0.874	64.5	51.5
-64.2	-45.7	-19.4	-142	-56.7
57.8	-173	-80.4	21.3	62.1
6.26	16.4	-59.1	-91.7	-86.3
-1.82	-31.5	-157	-205	-31
-23.5	-78	-12.7	-59.5	-151
-194	-52.7	1.7	20.5	86.8
48.9	-117	-0.493	80.3	-66.7
-101	-25.1	-18.5	41.5	26
-22.1	47.6	-109	-174	-69.7
69.5	-25.6	-46.8	111	-132
28.6	-6.75	-3.75	-21.3	-96.7
69	-19.7	-37.7	-17.1	61
61.1	-48.6	-71.2	91	53.1
55.1	-44.4	-10.3	-121	-11.2
-137	57.9	-30.1	-49.9	-58.1
12.1	52.9	-60.3	-127	18.4
58.7	-48.1	-98.1	-50.8	-78.6
-43.7	7.69	-59.2	-35.2	-192
-55.8	-41.7	-0.375	-97.7	-40.2
-50.3	-54	53.5	16.8	-32.8
-137	-166	-88.3	73.6	-49.5
69.8	21.8	-112	-93.8	-170
-22.3	99	79.2	-9.69	-13
-8.46	-4.1	-64.2	-22.1	49.6
-107	-56.4	-49.9	-55.9	-56
-32.1	16	-20.3	75.9	-78.1
32.8	-75.3	-65.7	-112	37.2
-5.98	-162	-1.26	-92	-93.8
-122	-66.8	10.3	-25.8	-40.3
-111	-215	83.6	-151	-35
59.8	8.3	-30.2	-110	23.9
-67.2	37.2	-14.4	-101	-80.4
5.69	-66.6	-41.7	51.8	-55.6
-74.2	15.6	101	72.5	-49.3
-74.9	-26.5	-85.9	-43	-33
28.7	16.4	-79.7	48.4	-67.6
-6.89	-88.9	-17	-43.9	80.9
-48.2	10.1	-125	-74.3	108
-10.9	-91.3	-141	-78.7	4.36
27.5	-161	-96.2	-79.2	-20.4
-79.4	-179	-45.9	-83	-30.4
-69.5	-88.7	-122	-76.6	67.1
-129	-83.1	-126	36.6	-27.2
-2.13	-1.29	22.2	57.3	-23.4
-125	-109	-48.9	110	57.5
-27.9	-26.4	55.3	-29.2	-22.1
164	28.8	-15.8	-85	-186
-167	-6.89	-19.2	71.8	-93.8
-2.75	-63.1	-31.8	-88.1	-1.67
33.9	-5.02	-53.4	-73.8	28.4
-114	-58.4	-25.1	-22.6	-43.2
-45.7	-10.4	9.13	85.7	-103
-70	-74.5	-61.7	-105	-104
-64.9	20.4	67	31.1	-20.7
-44.7	-41.8	-53.9	-101	-124
-5.81	-37.2	-28.9	-38.6	-127
38.7	77.3	-168	-135	19
-62.8	-107	-65.8	-94.9	-15.2
-81.5	-25.9	15.6	-25.1	-170
-109	-107	39.9	34.2	3.3
-31.9	-18.3	-43.6	-60.6	-0.886
-232	-68.8	5.81	7.41	-67.4
-51.2	2.64	-94.4	-151	-31.9
-130	42.9	-115	-69.4	-132
67	-19.2	-49.5	-43.1	-106
-44.1	26.2	-33	-83.9	-32.8
-140	16.7	45.9	-40.1	-120
-212	-122	-24.5	-68.5	-48.8
-81.3	-107	4.47	-29.8	-46.2
-71.6	-70.2	-69.5	-103	-86.5
-16.1	-183	88	11.1	-88.3
-37.5	-78.8	-142	48.8	15.7
-56.6	-94.4	98	-110	-154
-131	-53.7	53.1	27.7	-26.9
-42.2	-22.3	2.19	-25.7	-20.4
73.1	89.5	8.2	53.5	-90.9
-35.4	-203	-26.4	-127	-26
-86.3	-197	-8.67	-63.3	22.9
-18.6	89	87.5	-85.7	-44.6
19	-124	-113	77.3	-46.5
-34.6	-91.4	-51.5	-45.6	109
-24.2	97.4	-13.1	32	-115
-53.4	-95.6	20.3	-58.1	-70.6
-5.84	-62.1	-55.8	30.7	88.5
-20.3	-156	-0.858	-240	-81.8
-0.696	-45.8	-174	-71.9	-9.13
-71.6	-50.8	-58.8	33.9	-109
-78.6	4.32	76.4	-50.9	-41.3
9.74	-44.1	-26.1	-68.4	67.2
38.7	0.932	-127	87.6	-26.6
-33.3	2.61	-90.1	-208	-52.9
-76.6	-38.2	-85.9	29.9	-73.6
-163	-122	9.13	23.1	-88.3
-26.6	-106	59.6	-33.7	-1.18
-96.3	78	-74.5	97.4	-72.4
-146	-0.0483	19.1	-74.6	-74.2
-12.5	-17.8	-118	-11.8	8.61
-96.9	-13.3	-54.2	45.4	25.6
37	-109	-2.67	68	102
-1.67	53.1	71.4	-38.1	-69.1
4.66	-106	-46.6	12.2	-21.8
9.87	-62	-90.1	12.5	-67.9
33.6	-171	-75.1	-154	-155
-27.5	10.1	88.3	-93.5	-81.3
-15.6	104	-53.2	129	-21.8
-87.4	-40.9	95	110	-0.777
-52.4	141	-162	-18.8	137
-123	26.7	-36.4	-105	-66.2
-131	60.4	-4.1	14.3	-117
96.3	-133	41.2	-51.7	-56.4
34.7	-82.5	165	-144	-50.5
-64.5	43	50.7	63.9	-74.6
36.7	-41.6	-16.3	-13.4	-39.8
-18.7	-107	-70.3	-158	37.4
-78.9	-11.6	35.5	41.6	-53.9
33.4	46.9	-166	3.11	31.9
-117	0.00272	-64.9	3.21	-69
32.5	16.1	-129	110	-122
-107	-74.5	-60.5	-66.9	-104
81	78	-87.9	-85.5	-33
12.8	13.2	58.7	-12.4	-8.95
16.7	-56.1	51.8	-46.9	-3.38
41	23.7	57.5	211	-12.3
-87.6	-152	28.2	-90.8	70.3
82.8	72.2	31.9	-67.1	115
0.57	-33.2	29.4	27	-24
16.3	-92	-18.2	-3.47	-48.6
-5.22	-141	-90.7	-121	4.85
-17.6	-110	67	-71.2	-5.33
-259	-5.36	49.1	-73.1	27.8
50.5	4.45	20.3	41.7	29.3
-99.2	-52.6	87.3	-40.2	-12.1
51.8	-111	-52.3	-22.3	-33.8
-55.3	42.1	-142	27.9	-53.9
-24.5	-95.4	-12.8	-151	-78.6
-89.9	-51.3	-94.5	-142	-33.4
59.5	-101	-39.5	70.5	-5.38
-63.6	6.85	-2.6	-69.6	-39.2
-105	-92.7	-55	-108	4.29
-9.83	-36.1	40.7	8.03	-50.1
77	-24.2	-23.9	-169	49.1
-13	-140	-1.09	-169	-187
-99.1	-36.9	-82.7	-53.6	87.4
-8.48	60.7	-94.5	-112	-136
-152	42.9	-24.7	123	-5.06
-4.17	75.3	50.1	56.4	-86.4
65.3	-71.5	-45.9	-71.4	17.6
31.8	120	-92.7	85.3	-9.8
41.8	120	-76.7	-111	-23.9
-213	-179	-36	-96.4	-179
48.4	-5.2	30.4	12.2	13.4
-30.5	-57.2	55.6	-66.1	-113
-9.78	-31.1	-135	-43.1	-142
12.6	-65.3	-165	34.2	35.6
23	-127	88	53.6	-175
-9.01	-110	-46.6	-93.7	-22.9
-126	-124	60.1	-48.1	-75.5
-98	-83.1	28.9	-39.5	34.5
-67.5	-34.5	-16.2	-175	-12.3
-62.9	-83	-54.8	126	-25
-99.8	-172	-85.2	-91.6	-51.9
-135	80.5	9.1	-115	-18.9
18.6	-106	-57.6	15.7	-64.5
-126	7.48	-31.7	11.5	15.4
6.17	44.5	118	-182	-80.8
-177	-111	-172	-88.7	-31.6
-33	65.9	-77.3	-119	38.2
-49.6	41	-33.6	56.7	-92.2
-118	-42.6	-57.1	-77.3	125
6.44	-45.9	-43.5	34.6	-56.9
7.05	1.21	-61.9	12.6	-120
36.8	-99	-33.5	4.43	153
-74	50.9	41.9	53.2	-33.2
